duration	avePktSize	stdPktSize	aveIAT	tcpPSeqCnt	tcpAveWinSz	tcpRTTAckTripAve
0.107555991	70.07692	149.2121	0.008273537	10	31273.69	0.0101265
0.095253526	413.9286	544.7601	0.006803824	14	146662.3	0.002108042
0.147447070	658	62.21429	0.03821803	3443214620	64240	0.03630496
0.113265177	1460	439.8333	0.03855575	814700454	64240	0.0035968
0.244908456	670	66.69231	0.05179444	1866743570	64240	0.05176006
0.195827389	2048	644.75	0.0926633	3707635271	65535	0.04645171
0.264068536	70.23077	149.6482	0.02031296	10	31273.69	0.0343348
0.216232485	413.9286	544.7601	0.01544518	14	146662.3	0.0017153
0.280059441	70.23077	149.6482	0.02154303	10	31273.69	0.03768655
0.227349510	413.9286	544.7601	0.01623925	14	146662.3	0.001148508
5.371709477	1277	138.1	5.183207	1966520750	64240	0.03614682
5.336630198	287	72.625	5.263917	1083256296	64240	5.229465
0.881283157	1.993097	41.649	0.000869116	881	6.053717e-15	0.0005078228
0.869055971	1450.091	160.4267	0.0004110953	1662	70143.99	0.000257322
0.268175572	1245	141.7857	0.1076097	1597381010	64240	0.1075832
0.220392334	768	103	0.05887819	862258767	65535	0.00224424
0.284318524	663	78.18182	0.1037488	3366971241	64240	0.1037117
0.231793957	2824	597.125	0.07281671	855773098	65535	0.02350349
0.561331185	663	71.66666	0.3013003	1306970859	64240	0.3012486
0.513546909	2824	531	0.3012821	580830020	65535	0.01394995
0.799699822	670	66.69231	0.3056359	3417429881	64240	0.2975595
0.752143256	2048	644.75	0.3539737	1480332275	65535	0.3062511
0.606352370	670	66.69231	0.317132	1817702319	64240	0.06973398
0.553089663	2048	644.75	0.3718267	4081488766	65535	0.3174045
1.577715314	670	57.8	1.289112	1244432520	64240	0.06929363
1.525236576	1412	515.8	1.342566	3914513213	65535	1.289383
2.407661107	971	1.691707	0.1937618	414982454	64240	0.04957779
2.359781888	5632	1520.178	0.2422864	1813884215	65535	0.1945045
0.068602028	52.93182	211.4786	0.001559137	18	8.597715	0.001874357
0.056030708	1294.66	427.764	0.001057183	48	71679.99	0.0004618604
12.324191966	18.04706	139.735	0.04833016	221	8.033235	0.001634889
12.311633192	1426.218	156.2308	0.02636323	384	75775.99	0.04624891
0.314125811	663	78.18182	0.1046389	3864869912	64240	0.1046026
0.280595447	2824	531	0.08359239	3861087314	65535	0.05031891
6.151931826	0	0	6.047311	85665902	64240	0.05241458
6.099756403	0	0	6.099756	3733179911	65535	6.047342
6.048779985	0	672	0	0x00000000_0x00000000	672	3.456e-06
5.945622895	0	1400	0	0x00000000_0x00000000	1400	3.488e-06
0.455147060	673	66.92308	0.1896342	1808332291	64240	0.1056117
0.402508981	1412	476.7	0.2420012	3684178619	65535	0.1899467
0.457248361	673	66.92308	0.1884731	1756036515	64240	0.1090478
0.405007927	1412	476.6	0.2408919	3577423294	65535	0.1890058
5.362118195	119.2222	256.6001	0.5957909	8	64142.14	0.01279434
5.349664116	61.83333	75.98537	0.8916107	6	68091.52	1.185093
5.731800794	1277	138.1	5.549675	3116792099	64240	0.03598458
5.697487985	287	72.625	5.62439	2156201736	64240	5.589974
19.785255719	28.50714	155.592	0.1413233	134	301078.7	0.001593725
19.772584402	1408.312	251.7534	0.07163981	224	72985.59	0.2731614
0.095939340	151.7273	268.2032	0.008721759	8	31429.65	0.009628842
0.083945849	43.88889	66.68482	0.009327316	9	69987.12	0.01198977
0.253342953	673	72.5	0.1036456	3758243239	64240	0.1036372
0.206380849	1521	499	0.0554163	3214508086	65535	0.00451004
28.811612291	198.9	247.3689	0.9603871	27	31422.64	0.01082076
28.799655911	596.2222	576.4411	1.599981	18	84970.52	1.146789
5.155504465	62.41667	152.3007	0.4296254	11	63908.64	0.00849569
5.143074284	649.1111	606.5213	0.5714527	9	66983.4	0.8534492
0.350721483	712	69.92308	0.1002878	124887928	64240	0.1002706
0.307977956	1520	453.5454	0.05738421	3337078777	65535	0.004956896
5.292439088	1277	138.1	5.106037	3779780321	64240	0.03581466
5.257522691	287	72.625	5.18433	2173593893	64240	5.149623
0.923062111	0	676	0	0x00000000_0x00000000	676	5.248e-06
32.000077082	0	1400	0	0x00000000_0x00000000	1400	1.92e-06
20.143092889	1287	155.3	20.03507	1710461526	64240	20.03503
20.142394123	287	51.30769	19.95939	3780073173	64240	0.001071872
0.342067771	0	1442	0	0x00000000_0x00000000	1506	0.000186672
0.341941476	0	915	0	0x00000000_0x00000000	939	1.4464e-05
0.245295972	712	75.75	0.1077796	1317936120	64240	0.1077502
0.202704549	1521	499	0.06455281	2675694908	65535	0.008171408
0.290258673	712	75.75	0.09931343	1054540293	64240	0.09924957
0.247608687	1522	499.1	0.0557153	2548592551	65535	0.005902784
0.264245901	1245	110.3333	0.09886163	1479107383	64240	0.09883799
0.216825992	768	90.125	0.06074736	2801077968	65535	0.004557104
5.114899260	124.6667	269.4622	0.5683222	8	64142.14	0.01267587
5.102152737	67.33334	81.4873	0.8503588	6	68091.52	1.130141
5.323216444	1277	138.1	5.138781	2746878103	64240	0.03547034
5.288325663	287	72.625	5.216485	1092121930	64240	5.181601
0.241579831	712	75.75	0.0996135	2733743810	64240	0.09959411
0.198673371	1521	453.6364	0.05653043	3248808626	65535	0.00718016
5.105378189	119.2222	256.6001	0.5672643	8	64142.14	0.01274109
5.092711365	74.2	78.53815	1.018542	5	67870.17	1.127555
5.106198919	124.6667	269.4622	0.5673555	8	64142.14	0.01268476
5.093695881	67.33334	81.4873	0.8489493	6	68091.52	1.127865
20.150281921	1287	155.3	20.04189	1923046005	64240	20.04172
20.149050114	287	55.58333	19.9668	2672105576	64240	0.001165696
0.250175970	712	69.92308	0.1050364	2985102031	64240	0.1050113
0.207485517	1522	499.1	0.06139794	2938135695	65535	0.01702566
6.020473633	1277	138.1	5.834439	1095444710	64240	0.03571991
5.985584015	287	72.625	5.912533	2156732055	64240	5.878234
60.100970760	0	1460	0	0x00000000_0x00000000	8030	2.2464e-05
60.100250551	0	920	0	0x00000000_0x00000000	920	5.2e-06
48.996860337	0	1445	0	0x00000000_0x00000000	1445	4.8177e-05
48.996780636	0	876	0	0x00000000_0x00000000	876	1.29e-05
44.735611037	26.48529	145.4024	0.3289384	101	5.16292	0.001576522
44.723041212	1404.93	313.9439	0.1638207	217	75263.99	0.3274073
0.261749587	1245	141.8571	0.1025488	3056105269	64240	0.1025293
0.214653203	768	90.125	0.05390046	3677849467	65535	0.001614784
5.343324279	1277	125.5455	5.142311	1780023686	64240	0.03615082
5.309038304	287	64.55556	5.21841	2168845167	64240	5.184469
0.281454571	668	72.08334	0.1035725	2981596677	64240	0.1035284
0.228363211	1521	554.4445	0.06785699	2636227727	65535	0.02010696
5.282224139	124.6667	269.4622	0.5869138	8	64142.14	0.01269637
5.270216580	67.33334	81.4873	0.8783695	6	68091.52	1.16716
0.265842644	665	83.125	0.1009622	3504120959	64240	0.1009309
0.164899557	1460	642.8	0.1033506	4136250680	64240	0.06486346
0.264628463	665	83.125	0.1010556	3257646437	64240	0.1010284
0.163589738	1460	642.6	0.1041562	1928847731	64240	0.06288636
0.268995228	665	83.125	0.1000021	2571845475	64240	0.09998631
0.168984446	1460	642.4	0.1047687	1507296593	64240	0.06949003
0.268983219	665	83.125	0.1004266	159016071	64240	0.1004072
0.168568056	1460	642.6	0.1050656	2674640149	64240	0.06802901
0.271981882	665	95	0.100733	3809851578	64240	0.1007231
0.171247436	1460	438.5	0.1051299	161471723	64240	0.07035919
0.207074542	672	84	0.09983772	105150306	64240	0.09981082
0.107247884	1460	644.2	0.1017266	155205198	64240	0.007703344
0.207042159	672	84	0.1006777	2567048023	64240	0.1006629
0.106365544	1460	644	0.1048242	2830005338	64240	0.005643984
0.206710014	672	84	0.100901	1487997159	64240	0.1008868
0.105805711	1460	644.2	0.1057514	247271663	64240	0.00520968
0.208522191	672	96	0.1005938	951683118	64240	0.1005774
0.107911049	1460	730	0.1032516	537667549	64240	0.006874384
0.208868658	672	96	0.1018792	1021166509	64240	0.10186
0.107946981	1460	805.5	0.1079132	1261944814	64240	0.006053136
0.362472351	665	147.7778	0.1010738	3974555836	64240	0.1010492
0.262402265	1460	459	0.1612878	3976088835	64240	0.06189086
0.485263706	0	1154	0	0x00000000_0x00000000	2372	0.04217133
0.485253123	0	939	0	0x00000000_0x00000000	939	2.3296e-05
4.026830665	1405	165.1667	2.996415	2146015568	64240	2.996295
4.025718148	2920	483.2667	2.849895	3340020747	32120	0.3403232
0.497276291	0	844	0	0x00000000_0x00000000	908	1.472e-05
0.497100628	0	2048	0	0x00000000_0x00000000	2048	5.056e-06
1.140472881	0	0	1.140473	2355924861	64240	1.140425
0.000000000	0	0	0	122000299	64240	4.7912e-05
0.244766661	712	75.75	0.1046572	2376160440	64240	0.1046333
0.201795204	1520	498.9	0.06101426	3823448542	65535	0.008078304
20.150811206	1287	155.3	20.04282	3498735530	64240	20.04269
20.150387090	287	51.30769	19.96681	3510479924	64240	0.0010048
5.040638245	124.6667	269.4622	0.5600709	8	64142.14	0.01276161
5.028021602	67.33334	81.4873	0.8380037	6	68091.52	1.113755
0.393800282	1245	169.8	0.108218	1943480698	64240	0.1081791
0.341541773	768	90.125	0.05729931	4169477846	65535	0.004979712
10.435276934	1460	106.0233	9.697093	1095501812	64240	9.697071
10.435383604	2920	1200.106	9.697089	318276869	64240	0.04454118
10.351521796	669	83.64706	9.99929	1220074822	64240	9.999203
10.351354140	1460	277.2667	9.857931	545226821	64240	0.04611936
10.414146653	665	57.1875	9.868146	3761383842	64240	9.867775
10.312592167	2920	305.3846	9.727303	2317295084	64240	0.004912896
10.359349138	665	85.44444	9.998357	1925158881	64240	9.997993
10.359994243	1460	296.1429	9.858121	4035610453	64240	0.05701581
11.314993628	672	70.92308	9.868964	1325371456	64240	9.868608
10.313458260	3220	400.1	9.727355	1183367770	64240	0.006927856
11.333590585	0	1460	0	0x00000000_0x00000000	8641	6.7008e-05
11.333488370	0	920	0	0x00000000_0x00000000	920	2.2528e-05
0.349878245	0	1154	0	0x00000000_0x00000000	1163	0.000577856
0.349719555	0	871	0	0x00000000_0x00000000	895	5.184e-05
5.223649420	1277	138.1	5.038711	598510933	64240	0.03617821
5.189115953	287	72.625	5.114328	1079437689	64240	5.080218
0.342331373	0	1442	0	0x00000000_0x00000000	1506	0.04804877
0.342054300	0	939	0	0x00000000_0x00000000	939	9.088e-06
0.375905054	0	1154	0	0x00000000_0x00000000	1154	2.856e-05
0.375723377	0	915	0	0x00000000_0x00000000	915	6.648e-06
0.440366608	0	664	0	0x00000000_0x00000000	664	7.616e-06
0.363907846	0	1440	0	0x00000000_0x00000000	1440	7.808e-06
0.304497546	712	75.75	0.1095888	198326445	64240	0.1095557
0.257200019	1521	499	0.06118456	2599965217	65535	0.004046752
72.613041232	0	1460	0	0x00000000_0x00000000	11289	1.152e-05
72.612886406	0	876	0	0x00000000_0x00000000	876	3.776e-06
0.695793818	66	146.8491	0.0535226	12	64054.59	0.09199851
0.619802398	624.6	638.9504	0.06198024	7	67009.98	0.0007285366
5.461489995	124.6667	269.4622	0.6068323	8	64142.14	0.01243467
5.449103032	67.33334	81.4873	0.9081839	6	68091.52	1.207254
20.161808127	1287	155.3	20.039	4271155957	64240	20.03884
20.161815251	287	51.30769	19.96353	1660798105	64240	0.001378976
0.047776701	211.7273	383.6779	0.004343336	7	22002.83	0.007969913
0.035595125	53	73.14532	0.005085018	7	69813.18	0.002385184
17.211954033	0	1460	0	0x00000000_0x00000000	1878	1.392e-05
17.015165658	0	374	0	0x00000000_0x00000000	374	1.4032e-05
0.000019733	0	0	0	0x00000000_0x00000000	0	1.5264e-05
0.000038969	0	0	0	0x00000000_0x00000000	0	4.448e-06
90.190753099	1410	108.7419	45.12	2650311428	64240	44.63385
90.147606253	2820	1276.789	45.07509	3639040739	42300	45.03196
6.065075389	1277	125.5455	5.879782	3023604557	64240	0.03581875
6.030600671	287	64.55556	5.958122	1104348891	64240	5.923466
0.308818950	0	1154	0	0x00000000_0x00000000	1154	0.04783373
0.309099081	0	895	0	0x00000000_0x00000000	895	5.6448e-05
0.358507680	0	1460	0	0x00000000_0x00000000	1703	0.05300966
0.358615494	0	895	0	0x00000000_0x00000000	895	5.7856e-05
0.399983942	0	1460	0	0x00000000_0x00000000	6479	4.5568e-05
0.399539812	0	1972	0	0x00000000_0x00000000	1972	3.936e-05
0.325817484	0	732	0	0x00000000_0x00000000	796	2.1816e-05
0.326012166	0	2048	0	0x00000000_0x00000000	2048	6.368e-06
0.344077791	0	1422	0	0x00000000_0x00000000	1486	0.04780035
0.343339728	0	939	0	0x00000000_0x00000000	939	1.4519e-05
0.386946982	0	1460	0	0x00000000_0x00000000	1760	0.04744425
0.386659722	0	939	0	0x00000000_0x00000000	939	1.9136e-05
0.363885921	0	1154	0	0x00000000_0x00000000	1154	6.928e-05
0.363581041	0	1190	0	0x00000000_0x00000000	1190	9.296e-06
0.326289021	0	1460	0	0x00000000_0x00000000	4526	0.04237185
0.325624781	0	939	0	0x00000000_0x00000000	939	1.3792e-05
0.336647992	0	952	0	0x00000000_0x00000000	1016	1.4416e-05
0.336300796	0	2048	0	0x00000000_0x00000000	2048	3.552e-06
0.341153153	0	1119	0	0x00000000_0x00000000	1183	6.7968e-05
0.340907292	0	2048	0	0x00000000_0x00000000	2048	5.024e-06
0.646610930	0	1396	0	0x00000000_0x00000000	1460	6.1568e-05
0.646385664	0	2048	0	0x00000000_0x00000000	2048	2.0352e-05
1.341801948	0	1154	0	0x00000000_0x00000000	1154	0.04722534
0.329919162	0	1268	0	0x00000000_0x00000000	1268	9.696e-06
5.503867756	124.6667	269.4622	0.6115409	8	64142.14	0.01257594
5.491519161	67.33334	81.4873	0.9152532	6	68091.52	1.216267
5.825874153	0	1154	0	0x00000000_0x00000000	1154	0.05376427
5.772057860	0	218	0	0x00000000_0x00000000	218	2.3856e-05
89.613349183	0	0	46.66799	1308733318	501	41.27501
89.613217445	0	0	46.84102	3684489866	16385	46.70906
0.323569651	0	1460	0	0x00000000_0x00000000	2281	0.04807459
0.323682670	0	895	0	0x00000000_0x00000000	895	4.9536e-05
0.332434160	0	1154	0	0x00000000_0x00000000	1154	3.1232e-05
0.332828779	0	871	0	0x00000000_0x00000000	895	6.0576e-05
0.514413315	0	1460	0	0x00000000_0x00000000	8299	4.4672e-05
0.514452576	0	2048	0	0x00000000_0x00000000	2048	4.5248e-05
120.252533390	670	11.58929	58.92773	2679561202	64240	2.302237
120.252557896	4380	1392.966	59.00435	3250614282	64240	58.96982
115.675869217	431	25.35294	10.24392	3625065652	64240	0.03749363
115.641562586	888	59.2	10.244	1162386881	64240	10.20993
111.758762364	39	17.625	58.3046	4105584817	501	0.04892454
111.710258086	39	15.6	58.3982	3507554094	1049	58.34984
120.777497385	18.42857	15.28568	17.25393	5	245.49	13.34179
120.780625733	13	13.29617	13.42007	8	49	0.2587533
1.411892162	166	308.1084	0.09412614	12	31409.18	0.05845671
1.314361693	355.25	451.909	0.1095301	8	49996.64	0.1214352
0.000000000	26	26	0	0	0	0
0.000000000	0	26	0	0_0	0	0
0.004021894	14.85298	0	0.0007413269	0	0	0
0.004288159	51	14.85298	0.00107204	0	0	0
0.033150977	20	0	0.005525163	0	0	0
0.062162023	8	0	0.01036034	0	0	0
0.000320643	13.43503	0	0.0001133644	0	0	0
0.000000000	26	26	0	0	0	0
0.000000000	0	26	0	0_0	0	0
0.000691899	51	13.43503	0.0003459495	0	0	0
0.601373119	8	0	0.3006866	0	0	0
0.510966762	24	7.155417	0.1021934	0	0	0
0.000000000	0	0	0	0	0	0
0.000000000	118	0	0	0	0	0
0.000016987	45	45	1.6987e-05	0	0	0.1653128
0.164542811	73	67	0.1645428	0	0	0
0.000000000	45	45	0	0	0	0.1645272
0.000000000	61	61	0	0	0	0
0.000000000	0	0	0	0	0	0
0.000000000	118	0	0	0	0	0
2.281777955	68	68	0.7635697	0	0	0
0.000000000	34	34	0	0	0	0.05636424
0.000000000	182	182	0	0	0	0
0.000008062	34	34	8.062e-06	0	0	0.04983216
0.049216995	91	85	0.049217	0	0	0
0.000008020	36	36	8.02e-06	0	0	0.00078328
0.000073887	164	143.5	7.3887e-05	0	0	0
0.000001086	31	31	1.086e-06	0	0	0.06088018
0.059464195	155	122	0.0594642	0	0	0
0.000025312	36	36	2.5312e-05	0	0	0.06267913
0.007360469	292	268	0.007360469	0	0	0
0.000006453	28	28	6.453e-06	0	0	0.05930514
0.002431014	158	135.5	0.002431014	0	0	0
0.000004627	28	28	4.627e-06	0	0	0.1131884
0.060830206	117	109	0.06083021	0	0	0
0.000004279	32	32	4.279e-06	0	0	0.05665331
0.001190305	131	99	0.001190305	0	0	0
0.000007059	36	36	7.059e-06	0	0	0.110939
0.108831832	90	84	0.1088318	0	0	0
0.000004564	34	34	4.564e-06	0	0	0.006315264
0.004219135	91	85	0.004219135	0	0	0
0.000004918	38	38	4.918e-06	0	0	0.05735962
0.005829418	195	171	0.005829418	0	0	0
0.000003174	38	38	3.174e-06	0	0	0.001383344
0.000135256	66	60	0.000135256	0	0	0
0.000005840	36	36	5.84e-06	0	0	0.0630752
0.006792766	171	159	0.006792766	0	0	0
0.000004674	32	32	4.674e-06	0	0	0.001653136
0.000085691	60	54	8.5691e-05	0	0	0
0.001263394	39	39	0.001263394	0	0	0.001573136
0.001610874	67	61	0.001610874	0	0	3.7744e-05
0.000000000	33	33	0	0	0	0.05317618
0.000000000	97	97	0	0	0	0
0.000000000	37	37	0	0	0	0.06044682
0.000000000	183	183	0	0	0	0
0.000000000	38	38	0	0	0	0.05539456
0.000000000	178	178	0	0	0	0
0.000000000	43	43	0	0	0	0.000555168
0.000000000	59	59	0	0	0	0
0.000000000	42	42	0	0	0	0.000559344
0.000000000	58	58	0	0	0	0
0.000000000	48	48	0	0	0	0.05443557
0.000000000	64	64	0	0	0	0
0.000012380	34	34	1.238e-05	0	0	0.06117421
0.060522564	342	262	0.06052256	0	0	0
0.000009548	33	33	9.548e-06	0	0	0.06342854
0.002490953	156	144	0.002490953	0	0	0
0.000010385	42	42	1.0385e-05	0	0	0.000576256
0.000052166	70	64	5.2166e-05	0	0	0
0.000012080	33	33	1.208e-05	0	0	0.000685216
0.000097775	159	138	9.7775e-05	0	0	0
0.000022984	63	63	2.2984e-05	0	0	0.0537904
0.053186674	159	149.5	0.05318667	0	0	0
0.000009515	47	47	9.515e-06	0	0	0.00058016
0.000078513	75	69	7.8513e-05	0	0	0
0.000000000	47	47	0	0	0	0.000459072
0.000000000	63	63	0	0	0	0
0.000009738	36	36	9.738e-06	0	0	0.000975168
0.000284622	292	268	0.000284622	0	0	0
0.000000000	36	36	0	0	0	0.000597344
0.000000000	244	244	0	0	0	0
0.000005671	33	33	5.671e-06	0	0	0.05947235
0.058883674	145	121	0.05888367	0	0	0
0.000000000	33	33	0	0	0	0.000593664
0.000000000	97	97	0	0	0	0
0.000004886	37	37	4.886e-06	0	0	0.05701466
0.056331796	343	263	0.05633179	0	0	0
0.000005101	38	38	5.101e-06	0	0	0.000843968
0.000000237	195	186.5	2.37e-07	0	0	0
0.000011812	34	34	1.1812e-05	0	0	0.000876544
0.000223748	342	262	0.000223748	0	0	0
0.000000000	34	34	0	0	0	0.000755776
0.000000000	182	182	0	0	0	0
0.000012348	43	43	1.2348e-05	0	0	0.168889
0.168233196	71	65	0.1682332	0	0	0
0.000000000	43	43	0	0	0	0.000559936
0.000000000	59	59	0	0	0	0
0.000007912	42	42	7.912e-06	0	0	0.000712008
0.000000610	70	64	6.1e-07	0	0	0
0.000008777	39	39	8.777e-06	0	0	0.000940248
0.000044164	67	61	4.4164e-05	0	0	0
0.000009467	48	48	9.467e-06	0	0	0.00063304
0.000065415	76	70	6.5415e-05	0	0	0
0.000006739	34	34	6.739e-06	0	0	0.06579267
0.004437416	337	257	0.004437416	0	0	0
0.000000000	34	34	0	0	0	0.06526507
0.000000000	177	177	0	0	0	0
0.000008134	38	38	8.134e-06	0	0	0.05910191
0.001508181	304	200	0.001508181	0	0	0
0.000000000	32	32	0	0	0	0.000562336
0.000000000	48	48	0	0	0	0
0.000539820	32	32	0.00053982	0	0	0.000518048
0.000422981	60	54	0.000422981	0	0	2.176e-05
0.000007341	38	38	7.341e-06	0	0	0.000766432
0.000112928	195	171	0.000112928	0	0	0
0.000008452	28	28	8.452e-06	0	0	0.0006136
0.000098635	163	140	9.8635e-05	0	0	0
0.000009156	38	38	9.156e-06	0	0	0.06245123
0.012551048	98	92	0.01255105	0	0	0
0.000010903	38	38	1.0903e-05	0	0	4.219885
4.166001547	310	293	4.166001	0	0	0
0.000006835	31	31	6.835e-06	0	0	0.000678592
0.000081374	155	122	8.1374e-05	0	0	0
0.000008491	45	45	8.491e-06	0	0	0.3888895
0.224672919	82	74	0.2246729	0	0	0
0.000000000	45	45	0	0	0	0.1640454
0.000000000	82	82	0	0	0	0
0.000010480	36	36	1.048e-05	0	0	0.05571546
0.055006783	101	100.5	0.05500678	0	0	0
0.000000000	36	36	0	0	0	0.000675328
0.000000000	100	100	0	0	0	0
0.000000000	38	38	0	0	0	3.945797
0.000000000	310	310	0	0	0	0
3.066864139	0	0	1.0843	0	0	0
0.000008276	29	29	8.276e-06	0	0	0.001164672
0.000097790	162	139	9.779e-05	0	0	0
0.000008125	41	41	8.125e-06	0	0	0.000953408
0.000195974	198	174	0.000195974	0	0	0
0.000000000	41	41	0	0	0	0.000711744
0.000000000	150	150	0	0	0	0
0.000763614	32	32	0.000763614	0	0	0.000737664
0.000493216	131	128	0.000493216	0	0	2.592e-05
3.129359994	137	135.6667	3.004454	0	0	0
0.000001237	34	34	1.237e-06	0	0	0.000752384
0.000067028	99	98.5	6.7028e-05	0	0	0
0.000008288	45	45	8.288e-06	0	0	0.000640128
0.000116671	73	67	0.000116671	0	0	0
0.000000000	45	45	0	0	0	0.000660672
0.000000000	61	61	0	0	0	0
0.000008225	35	35	8.225e-06	0	0	0.000694912
0.000000237	63	57	2.37e-07	0	0	0
0.000000000	35	35	0	0	0	0.000721088
0.000000000	51	51	0	0	0	0
0.000000000	0	0	0	0	0	0
0.000000000	45	0	0	0	0	0
4.000554923	8	0	2.000278	0	0	0
0.000012138	38	38	1.2138e-05	0	0	0.1050314
0.104420426	66	60	0.1044204	0	0	0
0.000007496	45	45	7.496e-06	0	0	0.1125783
0.004829071	73	67	0.004829071	0	0	0
0.000000000	45	45	0	0	0	0.1072927
0.000000000	61	61	0	0	0	0
0.000000984	35	35	9.840001e-07	0	0	0.000739724
0.000051056	63	57	5.1056e-05	0	0	0
0.000774535	33	33	0.000774535	0	0	0.000747744
0.000493944	61	55	0.000493944	0	0	2.6792e-05
0.000000000	38	38	0	0	0	0.000594424
0.000000000	54	54	0	0	0	0
0.000010774	50	50	1.0774e-05	0	0	0.05717354
0.002956047	193	181	0.002956047	0	0	0
0.000000000	50	50	0	0	0	0.05360528
0.000000000	169	169	0	0	0	0
0.000010569	28	28	1.0569e-05	0	0	0.000827424
0.000104253	158	135.5	0.000104253	0	0	0
0.000011253	35	35	1.1253e-05	0	0	0.000816
0.000146629	198	174	0.000146629	0	0	0
0.000000000	35	35	0	0	0	0.00079264
0.000000000	150	150	0	0	0	0
0.000014172	36	36	1.4172e-05	0	0	0.05858105
0.057722876	95	89.5	0.05772288	0	0	0
0.000000000	36	36	0	0	0	0.05727248
0.000000000	84	84	0	0	0	0
0.000000000	32	32	0	0	0	0.04893146
0.000000000	96	96	0	0	0	0
0.000010352	40	40	1.0352e-05	0	0	0.1135467
0.056085725	108	92	0.05608572	0	0	0
0.000000000	40	40	0	0	0	0.05685965
0.000000000	108	108	0	0	0	0
0.049589687	32	32	0.04958969	0	0	0.04953814
0.000742679	113	104.5	0.000742679	0	0	5.152e-05
0.000008156	35	35	8.156e-06	0	0	0.05936723
0.006715240	119	101	0.00671524	0	0	0
0.000000000	35	35	0	0	0	0.05240445
0.000000000	83	83	0	0	0	0
0.000010347	36	36	1.0347e-05	0	0	0.06211888
0.001549712	120	102	0.001549712	0	0	0
0.000000000	36	36	0	0	0	0.0599393
0.000000000	84	84	0	0	0	0
0.000006664	38	38	6.664e-06	0	0	0.05914928
0.002975373	135	120.5	0.002975373	0	0	0
0.000005697	40	40	5.697e-06	0	0	0.1026158
0.037169063	134	126	0.03716907	0	0	0
0.000009128	40	40	9.128e-06	0	0	0.05022589
0.000884634	122	89	0.000884634	0	0	0
0.000526829	39	39	0.000526829	0	0	0.000490368
0.000428348	67	61	0.000428348	0	0	3.6448e-05
0.000007890	41	41	7.89e-06	0	0	0.1143096
0.055679920	144	112	0.05567992	0	0	0
0.000007428	49	49	7.428e-06	0	0	0.000629984
0.000071134	77	71	7.1134e-05	0	0	0
0.000019898	28	28	1.9898e-05	0	0	0.1144208
0.113666760	91	85	0.1136668	0	0	0
0.000012722	47	47	1.2722e-05	0	0	0.06170208
0.002707843	271	191	0.002707843	0	0	0
0.000007518	43	43	7.518e-06	0	0	0.05383827
0.000771594	201	177	0.000771594	0	0	0
0.000001482	38	38	1.482e-06	0	0	0.000985096
0.000345296	98	76	0.000345296	0	0	0
0.000015456	30	30	1.5456e-05	0	0	0.0529507
0.051604512	78	77.5	0.05160451	0	0	0
0.000006700	34	34	6.7e-06	0	0	0.05694507
0.055102659	295	199	0.05510266	0	0	0
0.000005894	36	36	5.894e-06	0	0	0.05395493
0.053154997	164	143.5	0.053155	0	0	0
0.000004621	35	35	4.621e-06	0	0	4.005086
3.948861348	128	97.5	3.948861	0	0	0
0.000004959	39	39	4.959e-06	0	0	0.05501279
0.053466324	121	88	0.05346632	0	0	0
0.000004496	34	34	4.496e-06	0	0	0.00165548
0.000152845	99	98.5	0.000152845	0	0	0
0.000005203	30	30	5.203e-06	0	0	0.0584384
0.002023396	86	74	0.002023396	0	0	0
0.000004233	38	38	4.233e-06	0	0	0.00200212
0.000000287	166	142.5	2.87e-07	0	0	0
0.000011041	48	48	1.1041e-05	0	0	0.05752354
0.005836881	215	167	0.005836881	0	0	0
0.000007350	42	42	7.35e-06	0	0	0.000847816
0.000049614	154	130.5	4.9614e-05	0	0	0
0.000006005	28	28	6.005e-06	0	0	4.049905
3.998594015	62	54	3.998594	0	0	0
0.000004838	46	46	4.838e-06	0	0	0.1090381
0.002795657	106	84	0.002795657	0	0	0
0.000000000	45	45	0	0	0	0.000794736
0.000000000	61	61	0	0	0	0
0.000005763	46	46	5.763e-06	0	0	0.05796985
0.006590471	131	115	0.006590471	0	0	0
0.000006889	29	29	6.889e-06	0	0	0.000637584
0.000051956	57	51	5.1956e-05	0	0	0
0.055554461	29	29	0.05555446	0	0	0.05550658
0.000634502	89	83	0.000634502	0	0	4.7888e-05
0.000001045	42	42	1.045e-06	0	0	0.001048176
0.000107261	154	130.5	0.000107261	0	0	0
0.000007240	48	48	7.24e-06	0	0	0.001331536
0.000375186	215	167	0.000375186	0	0	0
0.000005756	28	28	5.756e-06	0	0	3.986875
3.984924918	62	54	3.984925	0	0	0
0.000004103	46	46	4.103e-06	0	0	0.00137352
0.000113971	162	146.5	0.000113971	0	0	0
0.000004925	45	45	4.925e-06	0	0	0.001227152
0.000080321	73	67	8.0321e-05	0	0	0
0.000003462	44	44	3.462e-06	0	0	0.1045685
0.049799677	100	92	0.04979968	0	0	0
0.000003757	46	46	3.757e-06	0	0	0.04589984
0.002750006	106	84	0.002750006	0	0	0
0.000003315	43	43	3.315e-06	0	0	0.1714098
0.058935768	100	79.5	0.05893577	0	0	0
0.000004542	43	43	4.542e-06	0	0	0.001971088
0.000000139	71	65	1.39e-07	0	0	0
0.000003246	37	37	3.246e-06	0	0	0.06089045
0.004815788	65	59	0.004815788	0	0	0
0.000004631	44	44	4.631e-06	0	0	0.05508384
0.004320387	96	78	0.004320387	0	0	0
0.000003166	40	40	3.166e-06	0	0	0.1063894
0.053238293	147	131	0.05323829	0	0	0
0.000003194	32	32	3.194e-06	0	0	0.05741827
0.001570375	103	75.5	0.001570375	0	0	0
0.000004676	48	48	4.676e-06	0	0	0.06191578
0.004131965	208	180.5	0.004131965	0	0	0
0.000003572	42	42	3.572e-06	0	0	0.2165473
0.213768829	123	114.5	0.2137688	0	0	0
0.002939621	47	47	0.002939621	0	0	0.00291128
0.000620424	75	69	0.000620424	0	0	2.8336e-05
0.000009859	36	36	9.859e-06	0	0	0.00074608
0.000082771	90	84	8.2771e-05	0	0	0
0.000000000	36	36	0	0	0	0.000766608
0.000000000	78	78	0	0	0	0
0.000006063	38	38	6.063e-06	0	0	0.000612048
0.000127419	66	60	0.000127419	0	0	0
0.000000000	38	38	0	0	0	0.000466832
0.000000000	54	54	0	0	0	0
0.000009655	35	35	9.655e-06	0	0	0.1106018
0.055805465	156	148	0.05580546	0	0	0
0.000000000	43	43	0	0	0	0.000543968
0.000000000	59	59	0	0	0	0
0.000015757	35	35	1.5757e-05	0	0	0.00089824
0.000059868	63	57	5.9868e-05	0	0	0
0.000006215	42	42	6.215e-06	0	0	0.1053414
0.104828358	70	64	0.1048284	0	0	0
0.000009311	45	45	9.311e-06	0	0	0.05131368
0.050756397	73	67	0.05075639	0	0	0
0.000000000	45	45	0	0	0	0.000655136
0.000000000	61	61	0	0	0	0
0.000000000	50	50	0	0	0	0
0.000000000	201	201	0	0	0	0
0.000000000	50	50	0	0	0	0
0.000000000	50	50	0	0	0	0
0.025039430	26.66667	7.698003	0.008346477	0	0	0
0.000000000	26	26	0	0	0	0
0.000000000	0	26	0	0_0	0	0
0.002410079	15.83333	0	0.0004851591	0	0	0
0.003264703	51	15.83333	0.0008161758	0	0	0
12.267901210	8	0	2.044651	0	0	0
0.048098942	39	15.75	0.04776774	3413021422	501	0.04774656
0.000078073	0	0	7.8029e-05	3444453239	1039	2.12e-05
0.000008190	33	33	8.19e-06	0	0	0.000677176
0.000058996	61	55	5.8996e-05	0	0	0
0.000007879	43	43	7.879e-06	0	0	0.00063044
0.000063840	71	65	6.384e-05	0	0	0
0.578951080	673	72.5	0.3126294	2669948130	64240	0.3126195
0.531020235	1412	476.6	0.312705	2462113466	65535	0.02262227
0.000008077	37	37	8.077e-06	0	0	0.05881438
0.003500917	219	213	0.003500917	0	0	0
3.004795905	173	173	1.002174	0	0	0
0.000015899	33	33	1.5899e-05	0	0	0.1017907
0.051881380	89	69	0.05188138	0	0	0
0.000008136	39	39	8.136e-06	0	0	0.1136143
0.008623809	295	197	0.008623809	0	0	0
0.000000000	37	0	0	0	0	0
0.000007736	31	31	7.736e-06	0	0	0.1059065
0.007723490	59	53	0.00772349	0	0	0
0.000007602	45	45	7.602e-06	0	0	0.174313
0.068284507	102	96	0.0682845	0	0	0
0.000008951	46	46	8.951e-06	0	0	0.000751616
0.000066286	106	84	6.6286e-05	0	0	0
0.000006562	43	43	6.562e-06	0	0	0.000994816
0.000438750	100	79.5	0.00043875	0	0	0
0.000001125	32	32	1.125e-06	0	0	0.00072464
0.000000346	113	104.5	3.46e-07	0	0	0
0.000004694	36	36	4.694e-06	0	0	0.1054601
0.054508104	105	97	0.0545081	0	0	0
0.000781380	40	40	0.00078138	0	0	0.000753376
0.000601427	137	122.5	0.000601427	0	0	2.8e-05
0.000000000	38	38	0	0	0	0.000731104
0.000000000	96	96	0	0	0	0
0.000000000	38	38	0	0	0	0.06244755
0.000000000	310	310	0	0	0	0
0.000003596	31	31	3.596e-06	0	0	0.001122176
0.000463722	155	122	0.000463722	0	0	0
0.000004211	32	32	4.211e-06	0	0	0.05613843
0.005036870	131	99	0.00503687	0	0	0
0.000000000	36	36	0	0	0	0.000929632
0.000000000	164	164	0	0	0	0
0.014225811	26.66667	7.698003	0.004741937	0	0	0
0.000000000	26	26	0	0	0	0
0.000000000	0	26	0	0_0	0	0
0.008465217	51	14.85298	0.002116304	0	0	0
0.008260429	14.85298	0	0.001901047	0	0	0
22.003542213	9.6	2.862167	4.400709	0	0	0
0.000010225	38	38	1.0225e-05	0	0	0.1080357
0.053641355	99	91	0.05364136	0	0	0
0.000014019	35	35	1.4019e-05	0	0	0.05442048
0.002247973	98	92	0.002247973	0	0	0
0.000014590	41	41	1.459e-05	0	0	0.05579063
0.006267061	106	81.5	0.006267061	0	0	0
0.000013162	33	33	1.3162e-05	0	0	0.06365485
0.006957140	156	144	0.00695714	0	0	0
20.504167917	1357	1357	9.679104	0	0	0
3.002406681	173	173	1.001223	0	0	0
0.000022821	38	38	2.2821e-05	0	0	0.1065917
0.105982554	66	60	0.1059825	0	0	0
19.551192259	1357	1357	9.846541	0	0	0
0.000000000	26	26	0	0	0	0
0.000000000	0	26	0	0_0	0	0
0.001634820	51	14.85298	0.000408705	0	0	0
0.001486013	14.85298	0	0.0002518021	0	0	0
0.000010314	82	82	1.0314e-05	0	0	0.1681045
0.063525624	153	147	0.06352562	0	0	0
0.062834435	20	0	0.02094481	0	0	0
0.000008105	47	47	8.105e-06	0	0	0.00074784
0.000000227	75	69	2.27e-07	0	0	0
0.506764946	677	62.42857	0.1898794	3955527355	64240	0.103125
0.453550539	1412	453.7273	0.2423259	3488835570	65535	0.1910948
0.000000000	201	201	0	0	0	0
0.000001145	47	47	1.145e-06	0	0	0.000973264
0.000270229	271	191	0.000270229	0	0	0
0.000009714	35	35	9.714e-06	0	0	0.000970592
0.000130904	63	57	0.000130904	0	0	0
0.000007350	34	34	7.35e-06	0	0	0.0587096
0.000948440	91	85	0.00094844	0	0	0
0.000007520	32	32	7.52e-06	0	0	0.000890224
0.000075975	113	104.5	7.5975e-05	0	0	0
0.001212889	40	40	0.001212889	0	0	0.001158432
0.000626043	137	122.5	0.000626043	0	0	5.4448e-05
0.000007248	40	40	7.248e-06	0	0	0.000747856
0.000099268	122	89	9.9268e-05	0	0	0
21.511776742	1357	1357	9.600275	0	0	0
22.716040236	1357	1357	9.600292	0	0	0
0.000008026	82	82	8.026e-06	0	0	0.169199
0.063691028	153	147	0.06369101	0	0	0
0.000011073	38	38	1.1073e-05	0	0	0.001200736
0.000632377	98	92	0.000632377	0	0	0
0.000005478	38	38	5.478e-06	0	0	0.06010034
0.006333324	310	293	0.006333324	0	0	0
0.000004297	40	40	4.297e-06	0	0	0.001248464
0.000127592	122	89	0.000127592	0	0	0
0.000004276	36	36	4.276e-06	0	0	0.001109696
0.000306355	164	143.5	0.000306355	0	0	0
0.000007029	82	82	7.029e-06	0	0	0.1745568
0.069326037	153	147	0.06932604	0	0	0
0.000000000	0	0	0	0	0	0
0.000000000	37	0	0	0	0	0
19.053893731	1357	1357	9.666471	0	0	0
3.002178441	173	173	1.001124	0	0	0
20.219040681	1357	1357	9.608086	0	0	0
24.359360987	1357	1357	9.599748	0	0	0
24.347732640	1357	1357	9.599786	0	0	0
0.000007656	47	47	7.656e-06	0	0	0.000921664
0.000108741	271	191	0.000108741	0	0	0
29.998097943	1357	1357	9.599826	0	0	0
0.000000000	201	201	0	0	0	0
0.000000000	0	0	0	0	0	0
0.000000000	45	0	0	0	0	0
0.000007415	82	82	7.415e-06	0	0	0.1010024
0.001772179	153	147	0.001772179	0	0	0
16.504653455	0	0	1.580088	0	0	0
19.098499806	1357	1357	9.717918	0	0	0
0.000000000	26	26	0	0	0	0
0.000000000	0	26	0	0_0	0	0
29.998917534	1357	1357	9.631349	0	0	0
29.998447610	1357	1357	9.603021	0	0	0
0.000000000	0	0	0	0	0	0
29.996224079	1357	0	3.332914	0	0	0
21.531578776	1357	1357	9.601322	0	0	0
52.999659590	0	0	18.73821	0	0	0
60.016834443	0	0	10.00934	0	0	0
0.109791136	498	460.1	0.1057467	0	0	0
26.821873023	1357	1357	9.681311	0	0	0
0.000000000	37	0	0	0	0	0
0.000006244	43	43	6.244e-06	0	0	0.1664802
0.165926865	71	65	0.1659269	0	0	0
0.000010368	34	34	1.0368e-05	0	0	0.000940384
0.000214653	342	262	0.000214653	0	0	0
0.000009353	38	38	9.353e-06	0	0	0.2318621
0.180828875	178	146	0.1808289	0	0	0
30.089091627	0	1422	0	0x00000000_0x00000000	1458	7.9279e-05
30.088597170	0	920	0	0x00000000_0x00000000	920	1.8904e-05
0.000010596	42	42	1.0596e-05	0	0	0.000577232
0.000068914	70	64	6.8914e-05	0	0	0
0.000008233	45	45	8.233e-06	0	0	0.000676048
0.000074105	73	67	7.4105e-05	0	0	0
0.000023975	28	28	2.3975e-05	0	0	0.05271306
0.052008642	163	140	0.05200864	0	0	0
0.000013096	36	36	1.3096e-05	0	0	4.803191
4.802579343	164	143.5	4.802579	0	0	0
43.041274614	38	34.66667	43.04127	0	0	0.05011533
43.090831118	117	101.3333	43.04119	0	0	43.04071
0.000010330	38	38	1.033e-05	0	0	0.05699258
0.056450553	98	92	0.05645055	0	0	0
0.050349162	38	38	0.05034916	0	0	0.05069984
0.050814866	195	171	0.05081486	0	0	0.000115008
19.581696681	1357	1357	9.614513	0	0	0
0.000008127	48	48	8.127e-06	0	0	0.000610816
0.000086955	76	70	8.6955e-05	0	0	0
0.000010745	82	82	1.0745e-05	0	0	0.106553
0.003122216	153	147	0.003122216	0	0	0
0.000008177	32	32	8.177e-06	0	0	0.0005952
0.000061393	60	54	6.1393e-05	0	0	0
0.000007814	36	36	7.814e-06	0	0	0.06433415
0.006227004	292	268	0.006227004	0	0	0
0.000007292	38	38	7.292e-06	0	0	0.05560179
0.000135709	304	200	0.000135709	0	0	0
0.000007641	32	32	7.641e-06	0	0	0.05490131
0.000944033	131	99	0.000944033	0	0	0
0.000003802	31	31	3.802e-06	0	0	0.05549946
0.054574102	155	122	0.0545741	0	0	0
0.000011172	32	32	1.1172e-05	0	0	0.000569024
0.000066443	60	54	6.6443e-05	0	0	0
0.000010110	47	47	1.011e-05	0	0	0.000651264
0.000049414	75	69	4.9414e-05	0	0	0
0.000010486	34	34	1.0486e-05	0	0	0.000649432
0.000081815	91	85	8.1815e-05	0	0	0
0.000010591	36	36	1.0591e-05	0	0	0.000640904
0.000067949	101	100.5	6.7949e-05	0	0	0
0.000010363	34	34	1.0363e-05	0	0	0.000721216
0.000076928	99	98.5	7.6928e-05	0	0	0
0.000008969	45	45	8.969e-06	0	0	0.000647328
0.000052098	73	67	5.2098e-05	0	0	0
0.000069980	45	45	6.998e-05	0	0	0.000773312
0.000262567	73	67	0.000262567	0	0	0
0.000007508	32	32	7.508e-06	0	0	0.000722752
0.000092983	113	104.5	9.2983e-05	0	0	0
0.000007357	40	40	7.357e-06	0	0	0.05834528
0.007748971	108	92	0.007748971	0	0	0
0.000011469	50	50	1.1469e-05	0	0	0.05632794
0.002515978	193	181	0.002515978	0	0	0
0.000670586	45	45	0.000670586	0	0	0.1112877
0.111322605	82	74	0.1113226	0	0	3.4912e-05
0.000009425	63	63	9.425e-06	0	0	0.05870387
0.005260610	159	149.5	0.00526061	0	0	0
0.000023816	38	38	2.3816e-05	0	0	0.05036518
0.049771181	66	60	0.04977118	0	0	0
0.000015763	42	42	1.5763e-05	0	0	0.1688791
0.003710543	176	152	0.003710543	0	0	0
0.000001424	38	38	1.424e-06	0	0	0.001328736
0.000149395	195	171	0.000149395	0	0	0
0.000023979	39	39	2.3979e-05	0	0	0.001214496
0.000554969	67	61	0.000554969	0	0	0
0.000005075	28	28	5.075e-06	0	0	0.05814707
0.007696648	113	105	0.007696648	0	0	0
0.000006303	35	35	6.303e-06	0	0	0.001347168
0.000383206	63	57	0.000383206	0	0	0
0.000006477	28	28	6.477e-06	0	0	0.0012384
0.000013752	163	140	1.3752e-05	0	0	0
0.000008536	36	36	8.536e-06	0	0	0.001481504
0.000095027	90	84	9.5027e-05	0	0	0
0.000004649	43	43	4.649e-06	0	0	0.001484096
0.000077823	71	65	7.7823e-05	0	0	0
0.000007799	28	28	7.799e-06	0	0	0.000773056
0.000090797	158	135.5	9.0797e-05	0	0	0
0.000010755	33	33	1.0755e-05	0	0	0.05312557
0.000364373	145	121	0.000364373	0	0	0
0.000007811	37	37	7.811e-06	0	0	0.0609545
0.006632471	343	263	0.006632471	0	0	0
0.000000000	33	33	0	0	0	0.000624576
0.000000000	117	117	0	0	0	0
0.000000000	201	201	0	0	0	0
0.000007695	34	34	7.695e-06	0	0	4.192357
4.138130035	337	257	4.13813	0	0	0
0.000010097	43	43	1.0097e-05	0	0	0.000567936
0.000092051	71	65	9.2051e-05	0	0	0
0.000012882	34	34	1.2882e-05	0	0	0.05903866
0.003423639	342	262	0.003423639	0	0	0
0.000568883	49	49	0.000568883	0	0	0.000534592
0.000486547	77	71	0.000486547	0	0	3.4304e-05
0.000007854	39	39	7.854e-06	0	0	0.000571392
0.000094846	67	61	9.4846e-05	0	0	0
0.000008865	38	38	8.865e-06	0	0	0.1162947
0.016524094	310	262	0.01652409	0	0	0
0.000008104	82	82	8.104e-06	0	0	0.1109972
0.000935010	153	147	0.00093501	0	0	0
0.000011326	33	33	1.1326e-05	0	0	0.000766848
0.000000291	61	55	2.91e-07	0	0	0
0.000010871	41	41	1.0871e-05	0	0	0.00069704
0.000105062	198	174	0.000105062	0	0	0
0.000007966	29	29	7.966e-06	0	0	0.000693792
0.000082128	162	139	8.2128e-05	0	0	0
0.000006361	35	35	6.361e-06	0	0	0.000622496
0.000075799	63	57	7.5799e-05	0	0	0
0.000013301	35	35	1.3301e-05	0	0	0.05504675
0.000125334	198	174	0.000125334	0	0	0
0.000000000	0	0	0	0	0	0
0.000000000	39	0	0	0	0	0
0.000000000	0	0	0	0	0	0
0.000007907	36	36	7.907e-06	0	0	0.05038848
0.049795477	95	89.5	0.04979547	0	0	0
0.000009912	35	35	9.912e-06	0	0	0.000622016
0.000103461	119	101	0.000103461	0	0	0
0.000008463	36	36	8.463e-06	0	0	0.000631744
0.000077106	120	102	7.7106e-05	0	0	0
0.009471274	26.66667	7.698003	0.003157091	0	0	0
0.000000000	26	26	0	0	0	0
0.000000000	0	26	0	0_0	0	0
0.005487127	15.83333	0	0.001170135	0	0	0
0.006133763	51	15.83333	0.001533441	0	0	0
73.662254254	8	0	12.27704	0	0	0
0.000010484	47	47	1.0484e-05	0	0	0.06341007
0.007108283	271	191	0.007108283	0	0	0
0.000008075	28	28	8.075e-06	0	0	0.05887638
0.058239469	158	135.5	0.05823947	0	0	0
0.000000000	201	201	0	0	0	0
63.006428671	0	0	9.839363	0	0	0
63.006455487	118	0	9.000922	0	0	0
0.000010176	31	31	1.0176e-05	0	0	0.1002936
0.050525612	166	143	0.05052561	0	0	0
0.000010756	31	31	1.0756e-05	0	0	0.0553543
0.054741988	116	92	0.05474199	0	0	0
0.000004362	29	29	4.362e-06	0	0	0.05428493
0.053699654	89	83	0.05369966	0	0	0
0.000007747	45	45	7.747e-06	0	0	0.00061728
0.000051153	73	67	5.1153e-05	0	0	0
0.000000000	45	45	0	0	0	0.000565312
0.000000000	61	61	0	0	0	0
0.000010362	38	38	1.0362e-05	0	0	0.000798912
0.000069006	98	76	6.9006e-05	0	0	0
0.000015154	35	35	1.5154e-05	0	0	0.000822208
0.000170498	199	177.5	0.000170498	0	0	0
0.000016172	37	37	1.6172e-05	0	0	0.1076176
0.050953072	153	137	0.05095307	0	0	0
58.798555569	661	97.53333	58.45725	620622554	64240	0.09885287
58.711331563	1521	380.7059	58.45228	2503831596	65535	58.40996
59.896073635	1412	251.4074	58.87639	925163748	64240	0.4067591
59.751327004	2824	933.1724	58.87601	1681577861	65535	58.77632
0.000011230	34	34	1.123e-05	0	0	0.05842627
0.002943924	140	128	0.002943924	0	0	0
0.616643883	1412	262.6786	0.1078747	1251059512	64240	0.1078541
0.615874975	1521	488.2778	0.06614172	2112770359	65535	0.02715041
1.006695343	192.5	397.7253	0.05592752	17	64105	0.08448853
0.857897511	519.2	516.1302	0.05719317	13	32255.08	0.01373322
58.474404896	1412	161.4211	58.09019	92582942	64240	0.100243
58.431747623	1521	248.3478	58.16821	1534450343	65535	58.12625
58.521570631	1412	186.2667	58.12329	3314875046	64240	0.1109016
58.431732518	1521	321.9445	58.12286	3640331279	65535	58.07619
3.004003017	172	172	1.001345	0	0	0
0.000000000	26	26	0	0	0	0
0.000000000	0	26	0	0_0	0	0
0.003883423	51	14.85298	0.0009708558	0	0	0
0.003406170	14.85298	0	0.000680302	0	0	0
0.000010386	39	39	1.0386e-05	0	0	0.05042602
0.000937445	98	92	0.000937445	0	0	0
0.000010127	43	43	1.0127e-05	0	0	0.000588896
0.000090489	71	65	9.0489e-05	0	0	0
0.000009426	35	35	9.426e-06	0	0	0.00062212
0.000112250	94	88	0.00011225	0	0	0
0.025844520	137	137	0.02584452	0	0	0
0.000009150	35	35	9.15e-06	0	0	0.04990919
0.049203204	97	91	0.04920321	0	0	0
0.000041214	39	39	4.1214e-05	0	0	0.05067072
0.050159964	86	78	0.05015996	0	0	0
0.000008616	38	38	8.616e-06	0	0	0.001037504
0.000487961	94	82	0.000487961	0	0	0
1.021902781	21.66667	4.971135	0.08515856	0	0	0
80.108748012	9.142858	2.643361	5.722054	0	0	0
0.000010360	42	42	1.036e-05	0	0	0.1698132
0.005117469	108	102	0.005117469	0	0	0
0.000007982	35	35	7.982e-06	0	0	0.000794176
0.000000209	94	88	2.09e-07	0	0	0
0.290625133	103.1818	165.2624	0.02642047	10	63238.82	0.03710783
0.289994872	746.6667	760.8099	0.02416624	9	73566	0.008036932
80.679498409	4	4	79.13892	0	0	0
58.956641397	120.2	239.9178	5.895664	9	64137.89	0.01762456
58.896972340	54.44444	66.86913	6.544108	9	68430.85	5.885016
58.937661727	80.72727	155.6683	5.357969	10	64023.92	0.03905735
58.842002419	391.1818	545.4029	5.349273	11	145141.9	5.336528
58.997429657	0	1039	0	0x00000000_0x00000000	1039	1.0432e-05
58.896328879	0	1460	0	0x00000000_0x00000000	1460	2.816e-06
63.041761638	663	102.6333	58.3246	982602421	64240	0.2580687
62.800884638	2824	185.3125	58.4923	3851144233	65535	58.25141
59.209344536	98.78571	221.2917	4.229239	11	64133.01	0.05770877
59.156600768	70.66666	118.3269	4.929717	11	71480.81	4.195202
77.295668279	82	60	77.29565	0	0	0.1727496
77.193173177	153	133.75	77.12354	0	0	77.12291
0.000000000	20	0	0	0	0	0
81.998966217	8	0	16.39979	0	0	0
0.000000000	201	201	0	0	0	0
0.000000000	4	0	4	0x80_0x00100000	0	0.000000000
59.471559016	22.25	81.11217	0.8745817	67	133541.7	0.007682523
59.435623712	1477.656	763.0295	0.6191211	82	150016	0.8694651
59.488163587	51.13334	121.5476	1.982939	29	63734.78	0.04024492
59.435830856	1026.464	1057.501	2.122708	25	69416.27	1.976193
58.939993806	671	94.61539	58.38563	2548380018	64240	0.0918432
58.851458431	2720	450.3	58.39105	571329054	65535	58.30342
0.000000000	20	0	0	0	0	0
0.000000000	8	0	0	0	0	0
82.725076115	8	0	16.54502	0	0	0
0.000000000	8	0	0	0	0	0
0.000000000	37	0	0	0	0	0
0.000000000	8	0	0	0	0	0
0.000000000	8	0	0	0	0	0
0.000000000	8	0	0	0	0	0
0.000000000	8	0	0	0	0	0
0.000000000	8	0	0	0	0	0
0.000000000	8	0	0	0	0	0
19.100896056	1357	1357	9.646348	0	0	0
0.000000949	45	45	9.49e-07	0	0	0.000832952
0.000304638	73	67	0.000304638	0	0	0
0.000014522	35	35	1.4522e-05	0	0	0.00088916
0.000061131	119	101	6.1131e-05	0	0	0
0.000006162	47	47	6.162e-06	0	0	0.000765664
0.000075470	75	69	7.547e-05	0	0	0
0.000000000	38	38	0	0	0	0.000743536
0.000000000	310	310	0	0	0	0
0.000005632	31	31	5.632e-06	0	0	0.000593336
0.000000199	155	122	1.99e-07	0	0	0
0.000000000	8	0	0	0	0	0
16.503356147	0	0	1.453407	0	0	0
0.000000000	8	0	0	0	0	0
0.000000000	8	0	0	0	0	0
0.000000000	8	0	0	0	0	0
0.000000000	8	0	0	0	0	0
85.511043284	9.333333	2.668888	14.25184	0	0	0
0.000009680	31	31	9.68e-06	0	0	0.1818196
0.002985886	113	104	0.002985886	0	0	0
85.406688211	8	0	12.20096	0	0	0
0.000000000	8	0	0	0	0	0
0.000000000	8	0	0	0	0	0
3.003997453	173	173	1.001867	0	0	0
0.000000000	8	0	0	0	0	0
0.000000000	8	0	0	0	0	0
61.447369355	367	53.77778	58.90777	3216882152	501	0.1944882
61.351106075	638	87.33334	58.90742	1627139975	1040	58.8552
82.588485208	78.64	174.8498	3.303539	24	63912.11	0.01587928
82.533583686	561.087	743.2116	3.588417	20	70647.99	3.340775
86.465860902	8	0	12.35227	0	0	0
0.000009089	34	34	9.089e-06	0	0	0.1858446
0.006627271	116	107	0.006627271	0	0	0
0.000009604	31	31	9.604e-06	0	0	0.000766592
0.000097668	113	104	9.7668e-05	0	0	0
0.286184121	95.33334	160.5409	0.02384868	11	64076.15	0.05531349
0.290116503	705.9	808.6579	0.02901165	10	68287.82	0.004607536
0.000010948	82	82	1.0948e-05	0	0	0.1971386
0.068225157	153	147	0.06822516	0	0	0
0.000008464	31	31	8.464e-06	0	0	0.000738624
0.000069284	113	104	6.9284e-05	0	0	0
0.000000000	8	0	0	0	0	0
0.000000000	8	0	0	0	0	0
86.870690902	8	0	12.4101	0	0	0
0.000000000	8	0	0	0	0	0
11.101375912	1460	359.2758	9.451574	2390209730	64240	0.1636947
11.067070356	2778	425.1795	9.486262	2173643918	64240	9.452123
0.000000000	8	0	0	0	0	0
0.788767730	0	664	0	0x00000000_0x00000000	664	1.5872e-05
0.711950165	0	1440	0	0x00000000_0x00000000	1440	7.168e-06
87.424015568	8	0	12.48915	0	0	0
0.000000000	8	0	0	0	0	0
0.000000000	8	0	0	0	0	0
87.894048156	9.333333	2.721656	14.64901	0	0	0
87.916828879	9.333333	2.721656	14.65281	0	0	0
2.531861996	11.39812	61.83392	0.007936871	317	1414324	0.004002443
2.455683708	1531.491	458.7574	0.003579716	559	75263.99	0.003696925
87.886151689	8	0	12.55516	0	0	0
87.904412650	8	0	12.55777	0	0	0
0.000000000	8	0	0	0	0	0
1.258330142	77.09091	163.4314	0.1143936	9	64044.78	0.0677038
0.299023890	694	873.5239	0.03322488	9	66983.4	0.001384719
59.043133075	677	69.46154	58.54419	31520272	64240	0.1047684
58.947069497	1521	457.1818	58.53933	3196178375	65535	58.48697
88.483456461	9.333333	2.668888	14.74724	0	0	0
78.985060311	1243	27.68571	35.35976	3615550587	64240	0.1069995
78.989162314	2824	1145.498	35.35527	2965203725	65535	35.30304
88.385762003	8	0	12.62654	0	0	0
88.406085342	9	2.45001	11.05076	0	0	0
89.010942169	9.333333	2.668888	14.83516	0	0	0
0.000000000	8	0	0	0	0	0
89.474563843	8	0	12.78208	0	0	0
0.000000000	8	0	0	0	0	0
89.486808346	8	0	14.91447	0	0	0
89.845264971	8	0	12.83504	0	0	0
0.000000000	8	0	0	0	0	0
90.469179312	9.333333	2.721656	15.0782	0	0	0
90.520566192	8	0	12.93151	0	0	0
86.420570085	1243	52.10526	58.10571	35032924	64240	0.1382213
86.331357653	2824	986.717	58.10531	877098167	65535	58.05786
59.249208360	81.45454	157.5691	5.386292	10	64030.37	0.0390235
59.160647869	358.5454	507.7406	5.378241	11	145141.9	5.365076
59.245538463	670	68.92308	58.71242	1900248735	64240	0.05222419
59.157293624	2048	519.7	58.70826	3256409397	65535	58.66019
59.196884914	63.57143	141.9728	4.228349	13	64100.49	0.03732404
59.104505760	348.0909	464.1361	5.373137	11	67028.59	4.210574
59.253898375	85.27273	155.3413	5.386718	10	64065.16	0.04965038
59.161675068	361.1667	499.606	4.93014	9	145836.2	5.351612
90.468649845	8	0	12.92409	0	0	0
90.421439283	8	0	12.91735	0	0	0
0.000000000	8	0	0	0	0	0
0.012590917	26.66667	7.698003	0.004196973	0	0	0
0.000000000	26	26	0	0	0	0
0.000000000	0	26	0	0_0	0	0
0.005651390	51	14.85298	0.001412847	0	0	0
0.005567693	14.85298	0	0.00108652	0	0	0
90.776971340	8	0	8.252452	0	0	0
0.000000000	8	0	0	0	0	0
7.994493470	8	0	2.664831	0	0	0
0.000000000	8	0	0	0	0	0
0.000000000	8	0	0	0	0	0
90.885425472	8	0	12.98363	0	0	0
90.904353515	8	0	12.98633	0	0	0
0.000000000	8	0	0	0	0	0
91.498216767	8.666667	2.0239	7.624851	0	0	0
91.406201559	8	0	13.05803	0	0	0
91.422999563	8	0	13.06043	0	0	0
91.970234907	8	0	13.13861	0	0	0
91.984159345	8	0	13.1406	0	0	0
92.003727763	8	0	13.14339	0	0	0
0.000000000	0	0	0	0	0	0
20.931896534	1357	1357	9.782649	0	0	0
0.000000000	8	0	0	0	0	0
0.000000000	0	0	0	0	0	0
0.000000000	322	0	0	0	0	0
1.007542431	0	0	0.3452489	0	0	0
0.000000000	8	0	0	0	0	0
0.000000000	137	137	0	0	0	0
2.271366048	68	68	0.7585026	0	0	0
3.002968306	172	172	1.001311	0	0	0
47.137003522	21	4.220718	2.35685	0	0	0
47.127994122	16.57391	0	11.6562	0	0	0
47.128335739	51	16.57391	4.712833	0	0	0
95.972691260	8.363636	1.619498	4.362394	0	0	0
21.525484550	1357	1357	9.745117	0	0	0
56.494630383	0	0	4.75892	0	0	0
6.016218451	137	137	3.013345	0	0	0
0.000001365	47	47	1.365e-06	0	0	0.001082768
0.000313298	271	191	0.000313298	0	0	0
0.000012356	35	35	1.2356e-05	0	0	0.000766192
0.000224557	63	57	0.000224557	0	0	0
0.000006659	40	40	6.659e-06	0	0	0.001027088
0.000055131	122	89	5.5131e-05	0	0	0
97.351096357	1247	126.4242	28.18621	1157130453	64240	0.1153863
97.350740894	768	33.52143	28.18654	492562122	65535	28.13439
0.000010259	42	42	1.0259e-05	0	0	0.000688768
0.000056059	99	78.5	5.6059e-05	0	0	0
0.000000000	42	42	0	0	0	0.000628416
0.000000000	58	58	0	0	0	0
21.696897454	1357	0	1.972445	0	0	0
0.000009574	82	82	9.574e-06	0	0	0.1678392
0.063091025	153	147	0.06309101	0	0	0
0.286201029	1242	252.1429	0.08179013	990256722	64240	0.08177056
0.291506039	1412	469.0588	0.05919533	403825810	65535	0.0257063
97.297054756	1245	35.81707	24.09818	1599582337	64240	0.8627581
97.296753896	2824	1076.246	24.09357	134708214	65535	24.04159
97.207485466	712	59.2449	19.75181	2684405904	64240	0.148995
97.206914972	1520	416.08	19.75195	3213577010	65535	19.70941
3.002185149	173	173	1.000875	0	0	0
0.247368959	712	75.75	0.1057842	2720317266	64240	0.1057573
0.204335668	1521	453.6364	0.06220453	867740765	65535	0.00808328
99.040692023	1412	96.79459	18.33399	2344973260	64240	0.1136927
99.039674934	2824	622.8007	18.33016	1494009061	65535	18.27773
97.336314832	1245	101.4839	24.60902	511921333	64240	0.1053846
97.340479885	1412	135.6829	24.60493	1298798952	65535	24.56267
98.408248616	1412	209.6358	13.81753	2114325643	64240	0.5801886
98.407918885	2824	861.5344	13.8171	2982877396	65535	13.77035
0.000010486	36	36	1.0486e-05	0	0	0.0583405
0.057437449	292	268	0.05743745	0	0	0
0.000003835	32	32	3.835e-06	0	0	0.05472222
0.053871630	113	104.5	0.05387163	0	0	0
0.000005747	40	40	5.747e-06	0	0	0.0562584
0.001575245	108	92	0.001575245	0	0	0
97.152972425	1329	321.9688	24.41744	3366585474	64240	0.1089547
97.152887187	768	46.63044	24.41278	3669027071	65535	24.36513
0.000007951	33	33	7.951e-06	0	0	0.05569427
0.002819401	130	115.5	0.002819401	0	0	0
0.000000000	33	33	0	0	0	0.05524762
0.000000000	101	101	0	0	0	0
0.000008103	40	40	8.103e-06	0	0	0.06300262
0.005160059	179	156.5	0.005160059	0	0	0
0.000573187	40	40	0.000573187	0	0	0.000541632
0.000478280	122	89	0.00047828	0	0	3.1552e-05
0.000010567	39	39	1.0567e-05	0	0	0.1079366
0.107321518	67	61	0.1073215	0	0	0
0.000004444	41	41	4.444e-06	0	0	4.253454
4.196977221	144	112	4.196977	0	0	0
96.560788031	669	9.618557	58.70794	3367975718	64240	0.1350871
96.560602263	2824	1355.414	58.70792	1611313695	65535	58.65602
96.505573326	22.0113	74.3829	0.5452291	176	523236.7	0.01421593
96.493432736	1298.621	556.4252	0.4250812	173	159744	0.5340014
0.000001164	42	42	1.164e-06	0	0	0.002246668
0.000349788	154	130.5	0.000349788	0	0	0
0.000001322	28	28	1.322e-06	0	0	0.05384124
0.052213889	127	94.5	0.05221389	0	0	0
0.000014855	48	48	1.4855e-05	0	0	0.001131604
0.000130341	215	167	0.000130341	0	0	0
0.000006465	46	46	6.465e-06	0	0	0.1037073
0.101999862	106	84	0.1019999	0	0	0
0.000005093	45	45	5.093e-06	0	0	0.00164088
0.000127029	73	67	0.000127029	0	0	0
96.327729597	46	37	96.32772	0	0	0.09998426
96.279985406	162	125.75	96.22892	0	0	96.22774
0.000003206	48	48	3.206e-06	0	0	0.1088513
0.049462711	153	145	0.04946271	0	0	0
0.000003570	37	37	3.57e-06	0	0	0.05644841
0.004304740	65	59	0.00430474	0	0	0
0.000001065	44	44	1.065e-06	0	0	0.0560463
0.053982791	96	78	0.05398279	0	0	0
0.000008456	44	44	8.456e-06	0	0	0.05707764
0.000614695	177	138.5	0.000614695	0	0	0
0.000004599	40	40	4.599e-06	0	0	0.06312201
0.010505322	176	161.5	0.01050532	0	0	0
0.000004536	32	32	4.536e-06	0	0	0.05485914
0.052550256	103	75.5	0.05255026	0	0	0
0.000004590	42	42	4.59e-06	0	0	0.05725973
0.054743392	123	114.5	0.05474339	0	0	0
0.000004791	43	43	4.791e-06	0	0	0.1049567
0.102921880	100	79.5	0.1029219	0	0	0
0.000008819	29	29	8.819e-06	0	0	0.00058876
0.000060813	57	51	6.0813e-05	0	0	0
0.000008127	43	43	8.127e-06	0	0	0.05113429
0.001138585	201	177	0.001138585	0	0	0
0.000686540	42	42	0.00068654	0	0	0.000629856
0.000516545	70	64	0.000516545	0	0	5.6672e-05
97.041981144	1412	279.0435	58.06367	633891938	64240	0.1935086
97.041420469	2048	75.40945	58.06406	209336386	65535	58.01058
92.216793935	1412	297.9487	58.57634	3047980592	64240	0.4356499
92.220996903	2824	526.451	58.57647	1006714576	65535	58.52414
0.000000000	37	0	0	0	0	0
21.950455844	1357	1357	9.600039	0	0	0
96.995555696	0	0	5.523848	0	0	0
90.001526236	0	0	9.762954	0	0	0
0.000004617	50	50	4.617e-06	0	0	0.05009798
0.049369670	174	166	0.04936967	0	0	0
0.000018910	48	48	1.891e-05	0	0	0.1194068
0.059556575	226	218	0.05955658	0	0	0
0.557299844	1440	341.2	0.146025	831167627	64240	0.1458979
0.425850904	3155	831.875	0.1411104	3530559432	65535	0.009981888
0.767892014	1440	271.8	0.1815179	1465185845	64240	0.1814648
0.591996616	3155	896.7143	0.1815335	1530766735	65535	0.0405519
117.357105533	0	1440	0	0x00000000_0x00000000	2268	0.2048323
117.317347342	0	99	0	0x00000000_0x00000000	99	5.6448e-05
116.994326760	103.8571	198.1199	5.571159	20	64128.2	0.01218139
116.982344895	28.38095	81.7679	5.570589	21	150447.9	9.286584
118.493029612	77.5	196.3861	7.405815	15	64109.95	0.01098464
118.480773127	367.8571	514.6332	8.462913	11	68578.23	7.399316
118.502393885	107.7692	244.4343	9.11557	12	64135.16	0.01155912
118.490048112	50.66667	113.8897	9.87417	12	146839.9	9.114445
117.093554254	103.4167	222.0641	9.757796	11	64132.85	0.01747176
117.080817012	52.9	63.58973	11.70808	10	68484	9.751168
116.994542122	107.8571	199.0371	5.571168	20	64128.2	0.02271311
116.981796864	62.76191	161.5118	5.570562	19	150452.1	7.811304
118.529284327	1248	107	59.2164	2825877833	64240	0.103614
118.482019346	1520	337.8	59.21083	968265162	65535	59.164
117.125965522	89.06667	215.2886	7.808398	12	64131.5	0.04018629
117.077980788	70.66666	118.3269	9.756498	12	73470.96	7.795495
118.371234393	107.7692	244.4343	9.105479	12	64135.16	0.04395567
118.323719344	50.66667	113.8897	9.860311	12	146839.9	9.090573
117.137245258	0	1112	0	0x00000000_0x00000000	1112	0.05221709
117.084980344	0	453	0	0x00000000_0x00000000	453	1.4336e-05
118.592655016	1243	108.8	59.16653	3335444102	64240	0.1069333
118.540055287	768	93.9	59.26194	1279805109	65535	59.20964
118.592211311	1242	106.6	58.96503	2661984761	64240	0.329486
118.539253113	2824	362.4667	59.06257	2620959473	65535	59.01002
59.543014928	673	69.15385	58.98331	2488408429	64240	0.1035495
59.448192437	1412	400.5	58.97796	3522733049	65535	58.92582
0.000000000	201	201	0	0	0	0
117.281243155	118.4167	263.6802	9.773437	11	64132.85	0.03882264
117.238312859	100.8889	146.8963	13.02648	9	73255.69	9.751686
0.000000000	201	201	0	0	0	0
0.000000000	8	0	0	0	0	0
116.252847768	433	97.68182	10.24393	2977218091	64240	0.2904878
116.252605890	1104	205.381	10.24408	1429759754	65535	10.19174
112.661365213	39	17.625	58.17547	4226858654	501	0.1017587
112.561078179	39	13	58.32057	4000725293	1036	58.21881
96.651054516	19.48696	107.6374	0.840444	111	226561.6	0.008001007
96.650731619	1274.097	508.9571	0.7794412	104	71679.99	0.8324246
0.000021314	33	33	2.1314e-05	0	0	0.1082348
0.054026722	115	109	0.05402672	0	0	0
0.336555066	0	1401	0	0x00000000_0x00000000	1465	5.7344e-05
0.336162321	0	871	0	0x00000000_0x00000000	895	2.336e-05
102.399204808	431	30.78572	10.244	3838211943	64240	0.03714624
102.399292425	890	68.46154	10.24452	3501606732	64240	10.21024
117.650666521	1245	103.75	58.92063	2805643687	64240	0.1063653
117.607792638	1521	337.8667	59.00307	4196212093	65535	58.96093
117.543064662	676	72.38461	58.92072	3159446558	64240	0.1003848
117.500161776	1520	422.25	59.00303	559855834	65535	58.96094
117.560824697	1236	109.0714	58.90829	344858754	64240	0.1076043
117.508273039	768	78.25	59.00397	977020856	65535	58.95138
117.654894200	0	678	0	0x00000000_0x00000000	678	5.056e-06
117.553019048	0	1400	0	0x00000000_0x00000000	1400	5.12e-06
24.790593411	1357	1357	9.599359	0	0	0
117.795984349	659	41.875	58.34836	1132858469	64240	0.1009905
117.748148039	1520	734.4194	58.34876	2209583164	65535	58.30104
0.000000000	37	0	0	0	0	0
128.506185960	0	0	4.901773	0	0	0
128.507375186	0	0	22.53274	0	0	0
51.564113884	179.0667	361.1055	3.437608	13	64096.81	0.1212678
51.564103916	363.4286	531.9665	3.68315	14	25450.98	3.36482
51.239125494	47.88889	113.4058	5.693236	7	64142.14	0.05865946
51.239240820	127.125	281.0021	6.404905	8	73053.27	5.653205
0.000008711	34	34	8.711e-06	0	0	0.05289459
0.052193245	91	85	0.05219324	0	0	0
0.000008034	36	36	8.034e-06	0	0	0.000850176
0.000191711	164	143.5	0.000191711	0	0	0
0.000001349	38	38	1.349e-06	0	0	0.05587482
0.000241099	195	171	0.000241099	0	0	0
0.000012946	39	39	1.2946e-05	0	0	0.001405184
0.000397833	67	61	0.000397833	0	0	0
0.000006696	28	28	6.696e-06	0	0	0.06235847
0.061050877	158	135.5	0.06105088	0	0	0
0.000004836	32	32	4.836e-06	0	0	0.001300032
0.000215731	60	54	0.000215731	0	0	0
0.000004459	28	28	4.459e-06	0	0	0.05797261
0.056519342	163	140	0.05651934	0	0	0
0.000004609	43	43	4.609e-06	0	0	0.1678801
0.166494382	71	65	0.1664944	0	0	0
0.000005992	34	34	5.992e-06	0	0	0.07315571
0.008051252	342	262	0.008051252	0	0	0
0.080248519	183	316.1495	0.01337475	5	64169.21	0.01251032
0.027029773	80.8	84.0325	0.005405955	5	67870.17	0.007080128
0.126139156	1287	212.8571	0.04903831	2793319338	64240	0.07599232
0.167833769	287	71.44444	0.07669888	635807919	64240	0.003529344
0.000010020	42	42	1.002e-05	0	0	0.000728976
0.000142939	176	152	0.000142939	0	0	0
0.000008798	63	63	8.798e-06	0	0	0.05712296
0.056427048	159	149.5	0.05642705	0	0	0
0.000011220	36	36	1.122e-05	0	0	0.06244376
0.009287998	292	268	0.009287998	0	0	0
0.000008430	33	33	8.43e-06	0	0	0.05884185
0.058253027	145	121	0.05825303	0	0	0
0.000006780	37	37	6.78e-06	0	0	0.000833856
0.000245275	343	263	0.000245275	0	0	0
0.000020353	38	38	2.0353e-05	0	0	0.05774583
0.056961434	195	186.5	0.05696143	0	0	0
121.101840860	431	68.05264	10.27191	1810868384	64240	0.03941216
121.101873889	873	145.5	10.27371	2500330873	64240	10.23865
130.497583322	0	0	21.79291	0	0	0
0.000687946	34	34	0.000687946	0	0	0.000623168
0.000517645	118	93.5	0.000517645	0	0	6.4768e-05
0.000007878	34	34	7.878e-06	0	0	0.00065504
0.000101388	118	93.5	0.000101388	0	0	0
121.357800376	431	82.09524	10.24394	3860545716	64240	0.0380985
121.357337744	874	184	10.27024	2374966583	64240	10.2343
0.000008868	34	34	8.868e-06	0	0	0.0009858561
0.000203372	342	262	0.000203372	0	0	0
126.980395827	1412	398.8766	20.194	300141997	64240	0.309393
126.980129399	768	25.92093	20.19398	245159042	65535	20.14167
0.000008456	43	43	8.456e-06	0	0	0.000725504
0.000045952	71	65	4.5952e-05	0	0	0
0.000008742	42	42	8.742e-06	0	0	0.000806912
0.000262147	70	64	0.000262147	0	0	0
117.827001475	658	65.92857	58.91617	2548812451	64240	0.1290331
117.702886480	2048	421	59.08052	3525134003	65535	58.95692
0.000007703	28	28	7.703e-06	0	0	0.0495568
0.048899735	93	68.5	0.04889971	0	0	0
0.000000000	28	28	0	0	0	0.00064128
0.000000000	44	44	0	0	0	0
0.000008512	48	48	8.512e-06	0	0	0.1046311
0.103854239	76	70	0.1038542	0	0	0
127.147073220	0	1460	0	0x00000000_0x00000000	2147	1.0176e-05
126.958706554	0	3967	0	0x00000000_0x00000000	3967	1.6e-06
126.955660052	58.2549	132.1487	2.489326	50	64030.59	0.09025422
126.943167150	370.8546	570.6866	2.308058	46	72702.37	2.419817
0.000010601	39	39	1.0601e-05	0	0	0.000703328
0.000000226	67	61	2.26e-07	0	0	0
0.000007921	38	38	7.921e-06	0	0	0.06058707
0.000826972	304	200	0.000826972	0	0	0
0.000008561	38	38	8.561e-06	0	0	0.000909408
0.000129005	195	171	0.000129005	0	0	0
1.150127519	28	28	1.150112	0	0	0.00076024
1.150137488	163	137.75	1.149823	0	0	1.14936
0.000012375	38	38	1.2375e-05	0	0	0.05420045
0.053365918	98	92	0.05336592	0	0	0
0.000007715	38	38	7.715e-06	0	0	0.1115987
0.000000000	214	214	0	0	0	0
0.000006574	31	31	6.574e-06	0	0	0.05341936
0.052761785	155	122	0.05276179	0	0	0
98.216778935	234.614	249.7472	1.723102	51	64128	0.01325545
98.204609721	357.0588	200.441	2.888371	32	115377.8	1.728478
0.000008359	32	32	8.359e-06	0	0	0.000654944
0.000139637	60	54	0.000139637	0	0	0
0.000008415	45	45	8.415e-06	0	0	0.000667616
0.000134631	73	67	0.000134631	0	0	0
0.481727528	1150	187.2	0.1848918	1903022001	64240	0.184868
0.435927917	1737	758.5294	0.1399238	4242485841	65535	0.006165328
0.000004567	45	45	4.567e-06	0	0	0.1696267
0.169086731	82	74	0.1690867	0	0	0
0.000008275	49	49	8.275e-06	0	0	0.000656576
0.000151046	77	71	0.000151046	0	0	0
0.000692851	36	36	0.000692851	0	0	0.000651136
0.000568198	101	100.5	0.000568198	0	0	4.1664e-05
126.944170897	108	221.2515	7.467304	16	64128.82	0.01179126
126.931671864	78.70588	154.0595	7.466569	17	150211.8	7.463178
0.000012019	29	29	1.2019e-05	0	0	0.000818112
0.000096737	162	139	9.6737e-05	0	0	0
0.000011525	34	34	1.1525e-05	0	0	0.00070432
0.000123437	99	98.5	0.000123437	0	0	0
126.977989127	1412	290.8191	24.91067	3026657814	64240	0.1274831
126.977546514	2824	236.4606	24.91081	3857727164	65535	24.86349
0.000010877	38	38	1.0877e-05	0	0	0.000766592
0.000074958	66	60	7.4958e-05	0	0	0
0.000011125	41	41	1.1125e-05	0	0	0.000786688
0.000118450	198	174	0.00011845	0	0	0
0.000007033	32	32	7.033e-06	0	0	0.05406874
0.003926675	131	99	0.003926675	0	0	0
127.211263777	0	1460	0	0x00000000_0x00000000	1742	8.64e-06
127.121211526	0	1520	0	0x00000000_0x00000000	1571	6.048e-06
0.854602200	0	1400	0	0x00000000_0x00000000	1508	0.000123254
0.718543442	0	1456	0	0x00000000_0x00000000	1456	4.988e-06
0.149876011	1277	226.1667	0.07782646	2807170952	64240	0.03573126
0.071877535	287	111.4	0.03592521	1091203929	64240	0.04341907
0.869749432	0	754	0	0x00000000_0x00000000	818	0.09314326
0.728407552	0	2912	0	0x00000000_0x00000000	2912	2.0384e-05
129.790704494	1412	260.3496	26.64067	594392081	64240	0.1286741
129.790037005	1521	298.7081	26.64033	2588464667	65535	26.59346
0.000010017	35	35	1.0017e-05	0	0	0.000649088
0.000048986	63	57	4.8986e-05	0	0	0
124.474557389	237	44.90476	58.89347	1797803148	501	0.2383047
124.474757280	69	25.42857	58.89333	2406102973	1048	58.84145
126.687884058	1412	305.1084	24.9564	1999790227	64240	0.1215595
126.687289856	768	34.81545	24.95694	116312270	65535	24.90465
126.998361981	1412	329.3548	26.49838	2759974000	64240	0.1156524
126.997703103	768	42.27381	26.49863	3729601820	65535	26.44646
123.164730808	433	67.78947	10.24401	3502429214	64240	1.156093
123.164897300	1104	139.2778	10.24425	3663417249	65535	10.1921
122.381863474	431	82.09524	10.24401	2791177702	64240	0.2815419
122.382124331	874	184	10.24452	2366892455	64240	10.20875
127.474872634	1412	293.7252	26.23964	4244428220	64240	0.1686894
127.474191202	1412	67.27841	26.23994	3015092569	65535	26.18782
125.973483878	96.11364	127.4107	2.863034	43	64128	0.07564372
125.921015095	246.9787	349.3867	2.679171	45	166739.9	2.813101
122.697486337	1238	98.32143	58.90076	3459975250	64240	0.1071629
122.644936103	1669	319.8965	58.99731	3711608354	65535	58.94557
0.474374732	219.5455	345.4407	0.04312498	10	64078.07	0.06372729
0.329221895	535.875	465.948	0.04115274	5	69682.4	0.006572742
123.646682962	1412	148.4167	20.50323	2817957832	611	20.5032
123.646440317	718	233.4074	20.50322	3681769323	885	0.2040013
130.684467961	404.8055	435.8567	1.210041	106	501	0.09232334
128.931399470	101.4867	92.68411	1.140986	113	770.8487	1.597162
127.031783995	158.8375	184.1991	1.587897	77	64128	0.05023989
127.019706213	68.7	107.0129	1.587747	80	216355.7	1.895778
0.000009864	50	50	9.864e-06	0	0	0.05576837
0.001826518	193	181	0.001826518	0	0	0
127.084516980	1460	500.9778	10.24005	1391649117	64240	0.169333
127.049926689	650	190.7297	10.24034	1105887096	64240	10.20586
127.026048335	197.4947	213.7603	1.337116	94	64128	0.0981186
126.923440840	183.8571	245.0872	1.510993	81	56576	2.606919
133.152315947	0	0	0.4454684	0	0	0
129.255929555	251.0091	426.8651	1.175054	109	64128	0.2017142
129.243092945	175.7521	290.0259	1.068125	117	217769.4	1.065761
1.683977589	0	1154	0	0x00000000_0x00000000	1154	5.126e-06
1.594275032	0	1456	0	0x00000000_0x00000000	1456	1.64e-06
128.882781651	321.5833	503.8002	0.2983398	431	64128	0.01794872
128.827617097	53.32558	55.98358	0.4279988	298	530593.8	1.180485
129.291487721	23.53582	119.7432	0.04677699	2763	2296991	0.001616493
129.279536606	1414.073	366.4988	0.02342868	4392	217088	0.1193407
127.087981603	1460	287.4277	24.72503	55715034	64240	0.2620513
127.053671608	1519	594.8663	24.75947	3503062923	64240	24.72523
128.544369319	1242	11.42627	30.13423	2394834545	64240	0.165253
128.549064142	2824	1388.97	30.13384	680498527	65535	30.08428
118.781190895	663	50.5	58.98753	2783201917	64240	0.3003354
118.732967348	2824	1071.222	58.98277	1337362754	65535	58.93542
123.218413504	1235	36.5	58.82164	2010651772	64240	0.106133
123.165727931	2824	1184.8	58.91583	2352552954	65535	58.86389
117.850988619	673	21.53247	58.82187	2609411193	64240	0.1039292
117.798658861	2824	1286.02	58.91665	3506328059	65535	58.86418
124.399059083	1384	205.1852	24.37465	713589855	64240	0.5440467
124.364724353	1699	424.9264	24.45092	2116944455	64240	24.37466
96.499868806	0	0	5.677476	0	0	0
0.000009824	36	36	9.824e-06	0	0	0.000616928
0.000000111	95	89.5	1.11e-07	0	0	0
0.000008221	32	32	8.221e-06	0	0	0.05533405
0.054680686	113	104.5	0.05468069	0	0	0
0.000009036	40	40	9.036e-06	0	0	0.05746931
0.056816643	108	92	0.05681664	0	0	0
0.000008083	35	35	8.083e-06	0	0	0.0007064
0.000064252	119	101	6.4252e-05	0	0	0
0.000000000	173	173	0	0	0	0
127.134532488	85.64706	143.9177	7.478502	16	64125.78	0.04169467
127.082312363	261.5555	431.0188	7.060129	18	148758	7.456012
0.000008292	36	36	8.292e-06	0	0	0.000819264
0.000098718	120	102	9.8718e-05	0	0	0
0.000009933	33	33	9.933e-06	0	0	0.05902541
0.001034959	117	99	0.001034959	0	0	0
0.099196621	147	285.6353	0.01102185	8	64157.81	0.04185332
0.098423366	66.25	136.4964	0.01230292	8	141649.1	0.00062528
124.817129130	433	82	10.24007	942377959	64240	0.2545819
124.816763223	1104	180.6	10.24042	1509864328	65535	10.1927
0.000011750	36	36	1.175e-05	0	0	0.1104628
0.054759044	105	97	0.05475904	0	0	0
0.000000000	36	36	0	0	0	0.05536057
0.000000000	105	105	0	0	0	0
0.000005219	36	36	5.219e-06	0	0	0.05606317
0.000945735	171	159	0.000945735	0	0	0
134.002071238	0	0	0.1925789	0	0	0
0.051852435	36	36	0.05185243	0	0	0.05181133
0.000496284	133	118.5	0.000496284	0	0	4.1152e-05
127.372521402	178.1176	251.5285	3.746251	33	64128	0.1568569
127.329473434	116.7674	163.9446	2.96115	40	96323.58	3.659438
127.211183042	386.4109	486.1458	1.742619	69	64128	0.09296044
127.163240051	47.08065	80.89134	2.05102	62	130985.9	3.654843
77.129844994	412.0909	547.5906	7.011804	11	501	0.07742225
77.032762189	37	34.14528	15.40655	5	50.51	8.643878
0.072620386	1285	314.3333	0.03592098	34772575	64240	0.03590822
0.072971299	287	92.83334	0.03676973	3955482300	64240	0.001614656
130.725119467	98.96947	310.2469	0.1050001	1244	3145376	0.007405204
130.725422033	1338.426	533.5999	0.05668924	1920	484300.7	0.1600726
0.144278609	853	284.3333	0.1434252	1256227038	64240	0.1433946
0.000000000	0	0	0	1447893122	65535	0.000883968
127.495804043	7.117166	47.48722	0.1737	733	921164.1	0.00618032
127.485212318	1433.79	501.6424	0.1410235	717	155136	0.2002861
