1736885364.161848000
1736885364.218453000
1736885368.164561000
1736885368.164646000
1736885368.219789000
1736885368.219833000
1736885368.423648000
1736885368.423885000
1736885368.423917000
1736885368.423951000
1736885368.423957000
1736885368.424574000
1736885368.424632000
1736885368.479897000
1736885369.018892000
1736885369.061882000
1736885374.405844000
1736885374.462851000
1736885378.967832000
1736885379.025154000
1736885379.025219000
1736885380.801835000
1736885380.989854000
1736885382.051921000
1736885382.051999000
1736885382.052001000
1736885382.052077000
1736885382.052081000
1736885382.052113000
1736885382.233283000
1736885382.233320000
1736885382.233450000
1736885382.233479000
1736885382.233776000
1736885382.414763000
1736885382.414806000
1736885382.417456000
1736885382.644252000
1736885384.666489000
1736885384.666678000
1736885384.666683000
1736885384.666773000
1736885384.666781000
1736885384.666822000
1736885384.666826000
1736885384.666871000
1736885384.666875000
1736885384.666924000
1736885384.848194000
1736885384.848263000
1736885384.848275000
1736885384.848315000
1736885384.848334000
1736885384.849014000
1736885384.849047000
1736885385.030135000
1736885385.030169000
1736885385.073862000
1736885385.255090000
1736885385.255141000
1736885385.882791000
1736885385.882913000
1736885385.903702000
1736885385.903723000
1736885385.903748000
1736885385.939132000
1736885385.939152000
1736885385.939176000
1736885386.610385000
1736885386.664097000
1736885386.664158000
1736885386.667088000
1736885386.723645000
1736885386.723700000
1736885386.723713000
1736885386.723723000
1736885386.741682000
1736885386.743223000
1736885386.743280000
1736885386.794864000
1736885386.794923000
1736885386.795590000
1736885386.796877000
1736885386.796921000
1736885386.797104000
1736885386.887064000
1736885386.896699000
1736885386.942827000
1736885386.942857000
1736885386.942881000
1736885387.208360000
1736885387.208410000
1736885387.208499000
1736885387.208505000
1736885387.208534000
1736885387.208542000
1736885387.208619000
1736885387.208807000
1736885387.208842000
1736885387.208881000
1736885387.208987000
1736885387.261737000
1736885387.261763000
1736885387.261774000
1736885387.261792000
1736885387.261818000
1736885387.261841000
1736885387.261892000
1736885387.261904000
1736885387.261921000
1736885387.261975000
1736885387.261988000
1736885387.261992000
1736885387.262008000
1736885387.262011000
1736885387.262047000
1736885387.262085000
1736885387.262091000
1736885387.262096000
1736885387.262112000
1736885387.262128000
1736885387.262133000
1736885387.262154000
1736885387.262178000
1736885387.262185000
1736885387.262197000
1736885387.262228000
1736885387.262230000
1736885387.314714000
1736885387.314743000
1736885387.314754000
1736885387.314771000
1736885387.314798000
1736885387.314803000
1736885387.314836000
1736885387.314861000
1736885387.314865000
1736885387.314883000
1736885387.314906000
1736885387.314911000
1736885387.314913000
1736885387.357818000
1736885387.570814000
1736885387.570839000
1736885387.590509000
1736885387.591351000
1736885387.591938000
1736885387.608858000
1736885387.610359000
1736885387.643360000
1736885387.644018000
1736885387.644849000
1736885387.652999000
1736885387.653032000
1736885387.661707000
1736885387.663070000
1736885387.692057000
1736885387.741516000
1736885387.741557000
1736885387.741585000
1736885387.745521000
1736885387.745587000
1736885387.746748000
1736885387.746775000
1736885387.749137000
1736885387.784345000
1736885387.784382000
1736885387.784414000
1736885387.784435000
1736885387.784459000
1736885387.784484000
1736885387.803586000
1736885387.803609000
1736885387.803614000
1736885387.803617000
1736885387.807957000
1736885387.808277000
1736885387.808300000
1736885387.808321000
1736885387.817494000
1736885387.817508000
1736885387.817522000
1736885387.817527000
1736885387.817534000
1736885387.817535000
1736885387.823941000
1736885387.823969000
1736885387.824446000
1736885387.824458000
1736885387.824478000
1736885387.824484000
1736885387.824490000
1736885387.824511000
1736885387.826162000
1736885387.826182000
1736885387.826205000
1736885387.826214000
1736885387.828825000
1736885387.828883000
1736885387.837303000
1736885387.837488000
1736885387.837517000
1736885387.837704000
1736885387.839691000
1736885387.842070000
1736885387.842091000
1736885387.842128000
1736885387.842132000
1736885387.842176000
1736885387.842181000
1736885387.842183000
1736885387.842186000
1736885387.861008000
1736885387.861442000
1736885387.861485000
1736885387.861584000
1736885387.861752000
1736885387.861774000
1736885387.877547000
1736885387.877565000
1736885387.877579000
1736885387.877582000
1736885387.955221000
1736885387.996209000
1736885387.998361000
1736885388.037839000
1736885388.534905000
1736885388.540512000
1736885388.540586000
1736885388.540793000
1736885388.543216000
1736885388.548126000
1736885388.590209000
1736885388.591725000
1736885388.591744000
1736885388.591749000
1736885388.591754000
1736885388.592609000
1736885388.593395000
1736885388.594274000
1736885388.594289000
1736885388.595242000
1736885388.595368000
1736885388.595665000
1736885388.595667000
1736885388.596641000
1736885388.596658000
1736885388.597496000
1736885388.600852000
1736885388.603707000
1736885388.644346000
1736885388.644998000
1736885388.647116000
1736885388.647142000
1736885388.647148000
1736885388.647161000
1736885388.654042000
1736885388.663266000
1736885388.663321000
1736885388.665970000
1736885388.701176000
1736885388.701222000
1736885388.701236000
1736885388.701245000
1736885388.702963000
1736885388.702992000
1736885388.703002000
1736885388.703009000
1736885388.703986000
1736885388.704011000
1736885388.705859000
1736885388.705892000
1736885388.705927000
1736885388.705941000
1736885388.705947000
1736885388.705955000
1736885388.705989000
1736885388.705999000
1736885388.706003000
1736885388.706013000
1736885388.706255000
1736885388.707645000
1736885388.707991000
1736885388.708020000
1736885388.708057000
1736885388.708068000
1736885388.708073000
1736885388.708079000
1736885388.721958000
1736885388.723360000
1736885388.726272000
1736885388.727051000
1736885388.728067000
1736885388.728107000
1736885388.728157000
1736885388.758081000
1736885388.758541000
1736885388.773494000
1736885388.774415000
1736885388.774568000
1736885388.775383000
1736885388.778232000
1736885388.779259000
1736885388.779280000
1736885388.780340000
1736885388.782771000
1736885388.783172000
1736885388.783511000
1736885388.783537000
1736885388.783562000
1736885388.783572000
1736885388.783575000
1736885388.783581000
1736885388.784305000
1736885388.784709000
1736885388.790303000
1736885388.790436000
1736885388.790601000
1736885388.791342000
1736885388.791646000
1736885388.791697000
1736885388.792057000
1736885388.794650000
1736885388.825898000
1736885388.831329000
1736885388.836428000
1736885388.846119000
1736885388.847722000
1736885388.850616000
1736885388.852264000
1736885388.853250000
1736885388.853284000
1736885388.854322000
1736885388.921267000
1736885389.046964000
1736885389.047027000
1736885389.047041000
1736885389.047048000
1736885389.086024000
1736885389.086121000
1736885389.086125000
1736885389.086273000
1736885389.094253000
1736885389.094290000
1736885389.094312000
1736885389.094318000
1736885389.094410000
1736885389.128928000
1736885389.132361000
1736885389.164941000
1736885389.180432000
1736885389.180504000
1736885389.181190000
1736885389.187367000
1736885389.220715000
1736885389.220751000
1736885389.221945000
1736885389.233292000
1736885389.257426000
1736885389.257461000
1736885389.257468000
1736885389.257473000
1736885389.260899000
1736885389.265319000
1736885389.265462000
1736885389.278702000
1736885389.296773000
1736885389.296819000
1736885389.296853000
1736885389.296860000
1736885389.296885000
1736885389.296899000
1736885389.303715000
1736885389.304608000
1736885389.304648000
1736885389.304652000
1736885389.304687000
1736885389.304690000
1736885389.336595000
1736885389.336633000
1736885389.336644000
1736885389.336651000
1736885389.342170000
1736885389.342722000
1736885389.355012000
1736885389.355141000
1736885389.355643000
1736885389.355660000
1736885389.355828000
1736885389.355857000
1736885389.355990000
1736885389.398333000
1736885389.398362000
1736885389.399041000
1736885389.399080000
1736885389.399093000
1736885389.399107000
1736885389.400099000
1736885389.411580000
1736885389.424555000
1736885389.424589000
1736885389.425427000
1736885389.425859000
1736885389.426094000
1736885389.426189000
1736885389.426266000
1736885389.444515000
1736885389.444564000
1736885389.444593000
1736885389.445752000
1736885389.445781000
1736885389.445815000
1736885389.448279000
1736885389.448330000
1736885389.448347000
1736885389.451819000
1736885389.452319000
1736885389.452347000
1736885389.459496000
1736885389.460138000
1736885389.460181000
1736885389.461299000
1736885389.461362000
1736885389.467566000
1736885389.467623000
1736885389.475650000
1736885389.476294000
1736885389.476341000
1736885389.477495000
1736885389.477625000
1736885389.481531000
1736885389.483670000
1736885389.484215000
1736885389.484262000
1736885389.484832000
1736885389.492019000
1736885389.492075000
1736885389.492662000
1736885389.500861000
1736885389.500915000
1736885389.501463000
1736885389.541906000
1736885389.543454000
1736885389.543476000
1736885389.543753000
1736885389.543769000
1736885389.545305000
1736885389.545331000
1736885389.547330000
1736885389.547357000
1736885389.547857000
1736885389.547913000
1736885389.549034000
1736885389.549112000
1736885389.563770000
1736885389.563841000
1736885389.563911000
1736885389.563952000
1736885389.565113000
1736885389.565152000
1736885389.571450000
1736885389.571537000
1736885389.572006000
1736885389.572066000
1736885389.573310000
1736885389.573411000
1736885389.579516000
1736885389.579627000
1736885389.580034000
1736885389.580110000
1736885389.587613000
1736885389.587749000
1736885389.588136000
1736885389.588239000
1736885389.589301000
1736885389.589453000
1736885389.595557000
1736885389.595730000
1736885389.596069000
1736885389.596209000
1736885389.611731000
1736885389.611909000
1736885389.612290000
1736885389.612439000
1736885389.613430000
1736885389.613464000
1736885389.613498000
1736885389.619077000
1736885389.619263000
1736885389.619533000
1736885389.619698000
1736885389.656383000
1736885389.656431000
1736885389.656832000
1736885389.656864000
1736885389.657745000
1736885389.657791000
1736885389.658071000
1736885389.658098000
1736885389.658948000
1736885389.659024000
1736885389.662718000
1736885389.662752000
1736885389.663236000
1736885389.663282000
1736885389.664248000
1736885389.664286000
1736885389.670624000
1736885389.670682000
1736885389.671152000
1736885389.671191000
1736885389.672277000
1736885389.672316000
1736885389.673439000
1736885389.673481000
1736885389.674816000
1736885389.674867000
1736885389.675278000
1736885389.675312000
1736885389.676349000
1736885389.676388000
1736885389.682742000
1736885389.682798000
1736885389.683248000
1736885389.683287000
1736885389.684190000
1736885389.684231000
1736885389.691928000
1736885389.691982000
1736885389.692401000
1736885389.692447000
1736885389.693390000
1736885389.693428000
1736885389.693456000
1736885389.693471000
1736885389.695415000
1736885389.695461000
1736885389.695984000
1736885389.696018000
1736885389.697013000
1736885389.697050000
1736885389.702849000
1736885389.702905000
1736885389.703301000
1736885389.703340000
1736885389.704358000
1736885389.704406000
1736885389.704436000
1736885389.704449000
1736885389.706261000
1736885389.706295000
1736885389.706943000
1736885389.706975000
1736885389.707657000
1736885389.707690000
1736885389.708748000
1736885389.708798000
1736885389.722474000
1736885389.722526000
1736885389.722940000
1736885389.722980000
1736885389.723942000
1736885389.723983000
1736885389.724018000
1736885389.724036000
1736885389.725959000
1736885389.726003000
1736885389.726034000
1736885389.726050000
1736885389.728333000
1736885389.728373000
1736885389.730703000
1736885389.730730000
1736885389.731399000
1736885389.731416000
1736885389.731696000
1736885389.731710000
1736885389.738201000
1736885389.738227000
1736885389.738809000
1736885389.738824000
1736885389.740148000
1736885389.740162000
1736885389.740177000
1736885389.740184000
1736885389.741839000
1736885389.741859000
1736885389.741879000
1736885389.741887000
1736885389.743719000
1736885389.743733000
1736885389.743899000
1736885389.761944000
1736885389.775168000
1736885389.783032000
1736885389.794778000
1736885389.817517000
1736885389.820399000
1736885389.820495000
1736885389.820507000
1736885389.820539000
1736885389.820541000
1736885389.820549000
1736885389.820690000
1736885389.823275000
1736885389.823290000
1736885389.826138000
1736885389.826182000
1736885389.826209000
1736885389.826439000
1736885389.826456000
1736885389.827499000
1736885389.828864000
1736885389.828896000
1736885389.828903000
1736885389.831677000
1736885389.831712000
1736885389.831717000
1736885389.831721000
1736885389.834472000
1736885389.834500000
1736885389.834508000
1736885389.837259000
1736885389.837324000
1736885389.837329000
1736885389.839689000
1736885389.839703000
1736885389.840063000
1736885389.840099000
1736885389.840366000
1736885389.840449000
1736885389.842885000
1736885389.876271000
1736885389.876341000
1736885389.876386000
1736885389.877639000
1736885389.877676000
1736885389.877702000
1736885389.879208000
1736885389.880439000
1736885389.880498000
1736885389.880534000
1736885389.883358000
1736885389.883551000
1736885389.886054000
1736885389.886100000
1736885389.886219000
1736885389.888053000
1736885389.888101000
1736885389.888888000
1736885389.888916000
1736885389.890737000
1736885389.891637000
1736885389.891670000
1736885389.891743000
1736885389.892388000
1736885389.894449000
1736885389.894491000
1736885389.894516000
1736885389.897256000
1736885389.897302000
1736885389.897329000
1736885389.897343000
1736885389.900061000
1736885389.900107000
1736885389.900133000
1736885389.902874000
1736885389.902907000
1736885389.902924000
1736885389.905793000
1736885389.905861000
1736885389.905883000
1736885389.908461000
1736885389.908502000
1736885389.908526000
1736885389.911365000
1736885389.911415000
1736885389.911443000
1736885389.914089000
1736885389.914141000
1736885389.914170000
1736885389.916914000
1736885389.916947000
1736885389.921535000
1736885389.921582000
1736885389.922512000
1736885389.922545000
1736885389.925406000
1736885389.925444000
1736885389.925467000
1736885389.932177000
1736885389.932224000
1736885389.933158000
1736885389.933210000
1736885389.933223000
1736885389.935391000
1736885389.935439000
1736885389.937334000
1736885389.937371000
1736885389.937403000
1736885389.937413000
1736885389.937417000
1736885389.937436000
1736885389.937444000
1736885389.937448000
1736885389.937455000
1736885389.939294000
1736885389.939320000
1736885389.941230000
1736885389.941264000
1736885389.941282000
1736885389.943220000
1736885389.943260000
1736885389.943284000
1736885389.945211000
1736885389.945253000
1736885389.945282000
1736885389.946220000
1736885389.946253000
1736885389.946287000
1736885389.946303000
1736885389.946311000
1736885389.946317000
1736885389.946327000
1736885389.947199000
1736885389.947232000
1736885389.947252000
1736885389.947592000
1736885389.949175000
1736885389.949210000
1736885389.949235000
1736885389.951158000
1736885389.951188000
1736885389.951209000
1736885389.952835000
1736885389.952918000
1736885389.952923000
1736885389.953116000
1736885389.953757000
1736885389.953815000
1736885389.956987000
1736885389.960608000
1736885389.961166000
1736885389.962025000
1736885389.997064000
1736885389.997466000
1736885389.997791000
1736885390.003832000
1736885390.003846000
1736885390.003857000
1736885390.003860000
1736885390.003893000
1736885390.003896000
1736885390.003925000
1736885390.003927000
1736885390.003938000
1736885390.003940000
1736885390.003946000
1736885390.003948000
1736885390.004022000
1736885390.005803000
1736885390.005987000
1736885390.006318000
1736885390.006332000
1736885390.006334000
1736885390.006377000
1736885390.016964000
1736885390.017356000
1736885390.017559000
1736885390.017979000
1736885390.018598000
1736885390.022431000
1736885390.024721000
1736885390.024726000
1736885390.053547000
1736885390.053832000
1736885390.060150000
1736885390.060163000
1736885390.061323000
1736885390.061646000
1736885390.061842000
1736885390.062054000
1736885390.062186000
1736885390.063147000
1736885390.067354000
1736885390.076285000
1736885390.076350000
1736885390.076387000
1736885390.076401000
1736885390.077873000
1736885390.077898000
1736885390.077924000
1736885390.077932000
1736885390.077936000
1736885390.077942000
1736885390.078073000
1736885390.078087000
1736885390.078978000
1736885390.080546000
1736885390.080596000
1736885390.082797000
1736885390.086318000
1736885390.086400000
1736885390.086418000
1736885390.086889000
1736885390.087348000
1736885390.087370000
1736885390.087392000
1736885390.087860000
1736885390.088266000
1736885390.088291000
1736885390.088301000
1736885390.088760000
1736885390.089217000
1736885390.089236000
1736885390.089253000
1736885390.090137000
1736885390.090161000
1736885390.090189000
1736885390.091087000
1736885390.091113000
1736885390.091140000
1736885390.091996000
1736885390.092023000
1736885390.092052000
1736885390.092962000
1736885390.093018000
1736885390.093052000
1736885390.094090000
1736885390.094127000
1736885390.094154000
1736885390.094832000
1736885390.094848000
1736885390.094867000
1736885390.095785000
1736885390.095834000
1736885390.095871000
1736885390.096772000
1736885390.096805000
1736885390.096834000
1736885390.097161000
1736885390.097706000
1736885390.097737000
1736885390.097762000
1736885390.098588000
1736885390.098647000
1736885390.098679000
1736885390.099528000
1736885390.099574000
1736885390.099603000
1736885390.100537000
1736885390.100558000
1736885390.100576000
1736885390.101400000
1736885390.101437000
1736885390.101454000
1736885390.102343000
1736885390.102366000
1736885390.102404000
1736885390.103275000
1736885390.103318000
1736885390.103336000
1736885390.104244000
1736885390.104293000
1736885390.104310000
1736885390.105152000
1736885390.105193000
1736885390.105229000
1736885390.106130000
1736885390.106158000
1736885390.107104000
1736885390.107152000
1736885390.108035000
1736885390.108083000
1736885390.108904000
1736885390.108939000
1736885390.108948000
1736885390.109851000
1736885390.109914000
1736885390.109927000
1736885390.110788000
1736885390.110841000
1736885390.110855000
1736885390.111730000
1736885390.111769000
1736885390.111787000
1736885390.112668000
1736885390.112697000
1736885390.112708000
1736885390.115278000
1736885390.115320000
1736885390.115343000
1736885390.116765000
1736885390.116797000
1736885390.116811000
1736885390.116946000
1736885390.116979000
1736885390.116989000
1736885390.117090000
1736885390.117112000
1736885390.117119000
1736885390.117366000
1736885390.117407000
1736885390.117419000
1736885390.118143000
1736885390.118179000
1736885390.118356000
1736885390.118481000
1736885390.118496000
1736885390.118939000
1736885390.119344000
1736885390.119384000
1736885390.119397000
1736885390.120197000
1736885390.120230000
1736885390.120240000
1736885390.121114000
1736885390.121191000
1736885390.121201000
1736885390.122062000
1736885390.122099000
1736885390.122117000
1736885390.123162000
1736885390.123213000
1736885390.123216000
1736885390.124245000
1736885390.124268000
1736885390.124280000
1736885390.124865000
1736885390.124900000
1736885390.124909000
1736885390.126194000
1736885390.126205000
1736885390.126211000
1736885390.126846000
1736885390.126860000
1736885390.126865000
1736885390.127685000
1736885390.127721000
1736885390.127726000
1736885390.138660000
1736885390.141965000
1736885390.142014000
1736885390.142041000
1736885390.142435000
1736885390.142467000
1736885390.143620000
1736885390.143656000
1736885390.143673000
1736885390.144326000
1736885390.144357000
1736885390.144373000
1736885390.145247000
1736885390.145290000
1736885390.145313000
1736885390.146182000
1736885390.146214000
1736885390.146230000
1736885390.147110000
1736885390.147143000
1736885390.147159000
1736885390.148037000
1736885390.148067000
1736885390.148082000
1736885390.148177000
1736885390.148187000
1736885390.148404000
1736885390.148541000
1736885390.148634000
1736885390.149004000
1736885390.149033000
1736885390.149055000
1736885390.149082000
1736885390.149308000
1736885390.149355000
1736885390.149359000
1736885390.149973000
1736885390.150003000
1736885390.150023000
1736885390.150399000
1736885390.150862000
1736885390.150892000
1736885390.150929000
1736885390.151812000
1736885390.151843000
1736885390.151863000
1736885390.152745000
1736885390.152780000
1736885390.152801000
1736885390.152929000
1736885390.152972000
1736885390.153711000
1736885390.153741000
1736885390.153761000
1736885390.154630000
1736885390.154660000
1736885390.154680000
1736885390.155557000
1736885390.155586000
1736885390.155606000
1736885390.156034000
1736885390.156519000
1736885390.156546000
1736885390.156564000
1736885390.157436000
1736885390.157465000
1736885390.157479000
1736885390.158369000
1736885390.158399000
1736885390.158414000
1736885390.159306000
1736885390.159335000
1736885390.159348000
1736885390.160287000
1736885390.160312000
1736885390.161353000
1736885390.161390000
1736885390.161411000
1736885390.162166000
1736885390.162214000
1736885390.162236000
1736885390.163073000
1736885390.163103000
1736885390.163119000
1736885390.164265000
1736885390.164311000
1736885390.164334000
1736885390.165011000
1736885390.165058000
1736885390.165913000
1736885390.165942000
1736885390.165956000
1736885390.166821000
1736885390.166848000
1736885390.166862000
1736885390.167780000
1736885390.167813000
1736885390.167827000
1736885390.168706000
1736885390.168736000
1736885390.168750000
1736885390.169645000
1736885390.169668000
1736885390.169681000
1736885390.172028000
1736885390.172058000
1736885390.172068000
1736885390.172772000
1736885390.172802000
1736885390.172812000
1736885390.173407000
1736885390.173436000
1736885390.173446000
1736885390.174430000
1736885390.174453000
1736885390.175340000
1736885390.175370000
1736885390.176257000
1736885390.176287000
1736885390.177122000
1736885390.177170000
1736885390.177189000
1736885390.178003000
1736885390.178031000
1736885390.178042000
1736885390.178886000
1736885390.178926000
1736885390.178943000
1736885390.179763000
1736885390.179792000
1736885390.179804000
1736885390.180637000
1736885390.180671000
1736885390.180695000
1736885390.181452000
1736885390.181481000
1736885390.181505000
1736885390.182281000
1736885390.182313000
1736885390.182327000
1736885390.183138000
1736885390.183168000
1736885390.183182000
1736885390.184048000
1736885390.184069000
1736885390.184082000
1736885390.184720000
1736885390.184748000
1736885390.184774000
1736885390.185515000
1736885390.185540000
1736885390.185552000
1736885390.186269000
1736885390.186303000
1736885390.186307000
1736885390.187033000
1736885390.187119000
1736885390.187122000
1736885390.187816000
1736885390.187851000
1736885390.187855000
1736885390.188614000
1736885390.188648000
1736885390.188650000
1736885390.189415000
1736885390.189445000
1736885390.189457000
1736885390.190155000
1736885390.190177000
1736885390.190181000
1736885390.190943000
1736885390.190974000
1736885390.190986000
1736885390.191718000
1736885390.191895000
1736885390.191900000
1736885390.192492000
1736885390.192541000
1736885390.192544000
1736885390.193284000
1736885390.193304000
1736885390.193312000
1736885390.197928000
1736885390.197946000
1736885390.197953000
1736885390.197962000
1736885390.197982000
1736885390.197984000
1736885390.198638000
1736885390.198657000
1736885390.198660000
1736885390.198678000
1736885390.198791000
1736885390.198795000
1736885390.199294000
1736885390.199331000
1736885390.199338000
1736885390.199355000
1736885390.200135000
1736885390.200142000
1736885390.200167000
1736885390.200187000
1736885390.200190000
1736885390.200210000
1736885390.200866000
1736885390.200872000
1736885390.200898000
1736885390.200924000
1736885390.200928000
1736885390.200943000
1736885390.203592000
1736885390.203615000
1736885390.203650000
1736885390.203652000
1736885390.203658000
1736885390.204033000
1736885390.204038000
1736885390.204067000
1736885390.204088000
1736885390.204089000
1736885390.204110000
1736885390.204894000
1736885390.204914000
1736885390.204931000
1736885390.204959000
1736885390.204961000
1736885390.204967000
1736885390.205766000
1736885390.205786000
1736885390.205836000
1736885390.205840000
1736885390.206663000
1736885390.206728000
1736885390.206731000
1736885390.206746000
1736885390.206766000
1736885390.206767000
1736885390.207537000
1736885390.207564000
1736885390.207577000
1736885390.207604000
1736885390.207606000
1736885390.208415000
1736885390.208438000
1736885390.208451000
1736885390.208488000
1736885390.208500000
1736885390.208502000
1736885390.209253000
1736885390.209285000
1736885390.209290000
1736885390.209307000
1736885390.209328000
1736885390.209330000
1736885390.209375000
1736885390.210161000
1736885390.210189000
1736885390.210197000
1736885390.210213000
1736885390.210231000
1736885390.210235000
1736885390.211001000
1736885390.211036000
1736885390.211041000
1736885390.211054000
1736885390.211074000
1736885390.211077000
1736885390.211870000
1736885390.211898000
1736885390.211911000
1736885390.211941000
1736885390.211943000
1736885390.212468000
1736885390.212753000
1736885390.212791000
1736885390.212794000
1736885390.212811000
1736885390.212846000
1736885390.212848000
1736885390.213681000
1736885390.213711000
1736885390.213722000
1736885390.213748000
1736885390.213750000
1736885390.214988000
1736885390.215010000
1736885390.215022000
1736885390.215049000
1736885390.215051000
1736885390.215411000
1736885390.215422000
1736885390.215425000
1736885390.215434000
1736885390.215458000
1736885390.215460000
1736885390.216266000
1736885390.216299000
1736885390.216310000
1736885390.216335000
1736885390.216341000
1736885390.216343000
1736885390.216350000
1736885390.217269000
1736885390.217292000
1736885390.217295000
1736885390.217313000
1736885390.217333000
1736885390.217335000
1736885390.218012000
1736885390.218044000
1736885390.218047000
1736885390.218066000
1736885390.218087000
1736885390.218089000
1736885390.218909000
1736885390.218938000
1736885390.218948000
1736885390.218976000
1736885390.218978000
1736885390.220340000
1736885390.220366000
1736885390.220376000
1736885390.220401000
1736885390.220406000
1736885390.220408000
1736885390.221172000
1736885390.221203000
1736885390.221214000
1736885390.221240000
1736885390.221247000
1736885390.221249000
1736885390.221851000
1736885390.221878000
1736885390.221882000
1736885390.221900000
1736885390.221921000
1736885390.221924000
1736885390.222609000
1736885390.222636000
1736885390.222648000
1736885390.222678000
1736885390.222680000
1736885390.223459000
1736885390.223505000
1736885390.223527000
1736885390.223534000
1736885390.223572000
1736885390.223574000
1736885390.224278000
1736885390.224312000
1736885390.224335000
1736885390.224341000
1736885390.224368000
1736885390.224370000
1736885390.225169000
1736885390.225201000
1736885390.225211000
1736885390.225234000
1736885390.225257000
1736885390.225264000
1736885390.227923000
1736885390.227953000
1736885390.227961000
1736885390.227976000
1736885390.227997000
1736885390.227999000
1736885390.228879000
1736885390.228898000
1736885390.228910000
1736885390.228950000
1736885390.228954000
1736885390.229547000
1736885390.229571000
1736885390.229584000
1736885390.229609000
1736885390.229632000
1736885390.229634000
1736885390.230263000
1736885390.230294000
1736885390.230306000
1736885390.230332000
1736885390.230337000
1736885390.230339000
1736885390.231077000
1736885390.231103000
1736885390.231113000
1736885390.231142000
1736885390.231151000
1736885390.231153000
1736885390.231954000
1736885390.231987000
1736885390.231998000
1736885390.232019000
1736885390.232026000
1736885390.232027000
1736885390.232736000
1736885390.232768000
1736885390.232779000
1736885390.232802000
1736885390.232808000
1736885390.232810000
1736885390.234133000
1736885390.234163000
1736885390.234173000
1736885390.234196000
1736885390.234211000
1736885390.234213000
1736885390.234930000
1736885390.234948000
1736885390.234959000
1736885390.234991000
1736885390.234993000
1736885390.235715000
1736885390.235738000
1736885390.235749000
1736885390.235777000
1736885390.235788000
1736885390.235790000
1736885390.236629000
1736885390.236657000
1736885390.236667000
1736885390.236695000
1736885390.236697000
1736885390.237235000
1736885390.237259000
1736885390.237270000
1736885390.237304000
1736885390.237306000
1736885390.237383000
1736885390.267041000
1736885390.267060000
1736885390.267072000
1736885390.267077000
1736885390.267085000
1736885390.267088000
1736885390.267108000
1736885390.267113000
1736885390.267132000
1736885390.267136000
1736885390.267156000
1736885390.267160000
1736885390.267156000
1736885390.267165000
1736885390.269291000
1736885390.269568000
1736885390.269587000
1736885390.269589000
1736885390.297367000
1736885390.325578000
1736885390.325604000
1736885390.325702000
1736885390.325710000
1736885390.325986000
1736885390.326760000
1736885390.326922000
1736885390.334514000
1736885390.334519000
1736885390.369838000
1736885390.379210000
1736885390.379215000
1736885390.381975000
1736885390.381981000
1736885390.382622000
1736885390.382625000
1736885390.385891000
1736885390.385895000
1736885390.387159000
1736885390.389911000
1736885390.390719000
1736885390.392096000
1736885390.392271000
1736885390.392282000
1736885390.392318000
1736885390.392494000
1736885390.392499000
1736885390.392580000
1736885390.392621000
1736885390.392625000
1736885390.392705000
1736885390.392709000
1736885390.392946000
1736885390.393011000
1736885390.394888000
1736885390.394893000
1736885390.399967000
1736885390.406087000
1736885390.406109000
1736885390.406270000
1736885390.406276000
1736885390.406733000
1736885390.406757000
1736885390.406767000
1736885390.406769000
1736885390.406919000
1736885390.435304000
1736885390.435325000
1736885390.435341000
1736885390.435347000
1736885390.436687000
1736885390.436734000
1736885390.436817000
1736885390.437737000
1736885390.437750000
1736885390.438337000
1736885390.438368000
1736885390.439360000
1736885390.439534000
1736885390.439551000
1736885390.439929000
1736885390.439981000
1736885390.440053000
1736885390.441481000
1736885390.441496000
1736885390.442756000
1736885390.442861000
1736885390.442972000
1736885390.450789000
1736885390.450809000
1736885390.450991000
1736885390.450996000
1736885390.451027000
1736885390.451812000
1736885390.451861000
1736885390.451939000
1736885390.452051000
1736885390.452101000
1736885390.456074000
1736885390.456079000
1736885390.456112000
1736885390.461381000
1736885390.467320000
1736885390.490859000
1736885390.490887000
1736885390.492613000
1736885390.492738000
1736885390.492751000
1736885390.492773000
1736885390.492833000
1736885390.492936000
1736885390.492989000
1736885390.492993000
1736885390.492999000
1736885390.501883000
1736885390.501978000
1736885390.501990000
1736885390.506572000
1736885390.506604000
1736885390.506656000
1736885390.512403000
1736885390.527070000
1736885390.527076000
1736885390.527107000
1736885390.529324000
1736885390.529330000
1736885390.529362000
1736885390.531646000
1736885390.531652000
1736885390.531686000
1736885390.533837000
1736885390.533842000
1736885390.533875000
1736885390.544268000
1736885390.547523000
1736885390.547529000
1736885390.550216000
1736885390.550248000
1736885390.551362000
1736885390.551365000
1736885390.577972000
1736885390.578008000
1736885390.578033000
1736885390.578048000
1736885390.578050000
1736885390.578053000
1736885390.580228000
1736885390.580302000
1736885390.580355000
1736885390.582565000
1736885390.582609000
1736885390.582620000
1736885390.584815000
1736885390.584955000
1736885390.585882000
1736885390.603633000
1736885390.603657000
1736885390.604855000
1736885390.604879000
1736885390.604884000
1736885390.605358000
1736885390.605394000
1736885390.605481000
1736885390.605507000
1736885390.607309000
1736885390.608711000
1736885390.608839000
1736885390.608855000
1736885390.608863000
1736885390.628374000
1736885390.628406000
1736885390.649923000
1736885390.651825000
1736885390.651864000
1736885390.653483000
1736885390.653658000
1736885390.654258000
1736885390.654263000
1736885390.654328000
1736885390.664798000
1736885390.762628000
1736885390.762662000
1736885390.762683000
1736885390.762699000
1736885390.762705000
1736885390.763599000
1736885390.763653000
1736885390.763668000
1736885390.763681000
1736885390.764362000
1736885390.764385000
1736885390.765578000
1736885390.767073000
1736885390.807449000
1736885390.807499000
1736885390.807917000
1736885390.807935000
1736885390.807990000
1736885390.807999000
1736885390.808022000
1736885390.808030000
1736885390.808464000
1736885390.816523000
1736885390.816721000
1736885390.816757000
1736885390.817298000
1736885390.817698000
1736885390.817731000
1736885390.818086000
1736885390.818172000
1736885390.843644000
1736885390.843692000
1736885390.844085000
1736885390.863678000
1736885390.868908000
1736885390.874621000
1736885390.895313000
1736885390.895326000
1736885390.900384000
1736885390.933496000
1736885390.933528000
1736885390.933533000
1736885390.933615000
1736885390.936194000
1736885390.936333000
1736885390.936394000
1736885390.936480000
1736885390.936589000
1736885391.019229000
1736885391.019424000
1736885391.019846000
1736885391.020776000
1736885391.020915000
1736885391.021107000
1736885391.021175000
1736885391.049217000
1736885391.072175000
1736885391.099686000
1736885391.099875000
1736885391.099927000
1736885391.100369000
1736885391.100430000
1736885391.102410000
1736885391.102421000
1736885391.102510000
1736885391.156200000
1736885391.158136000
1736885391.158190000
1736885391.158219000
1736885391.302870000
1736885391.302908000
1736885391.303097000
1736885391.303123000
1736885391.303141000
1736885391.303366000
1736885391.303504000
1736885391.303795000
1736885391.303855000
1736885391.354095000
1736885391.356699000
1736885391.356745000
1736885391.357009000
1736885391.357098000
1736885391.357286000
1736885391.357313000
1736885391.357712000
1736885391.360818000
1736885391.360863000
1736885391.360925000
1736885391.360977000
1736885391.361508000
1736885391.361568000
1736885391.363818000
1736885391.363863000
1736885391.364002000
1736885391.364045000
1736885391.364861000
1736885391.366752000
1736885391.366893000
1736885391.367059000
1736885391.367129000
1736885391.367148000
1736885391.367407000
1736885391.409405000
1736885391.411207000
1736885391.414264000
1736885391.414460000
1736885391.414464000
1736885391.416812000
1736885391.416817000
1736885391.417352000
1736885391.423098000
1736885391.423155000
1736885391.423332000
1736885391.423402000
1736885391.423494000
1736885391.423513000
1736885391.423514000
1736885391.423579000
1736885391.465674000
1736885391.468817000
1736885391.474402000
1736885391.474417000
1736885391.474421000
1736885391.474429000
1736885391.474434000
1736885391.474436000
1736885391.474437000
1736885391.474438000
1736885391.474440000
1736885391.474442000
1736885391.474601000
1736885391.474608000
1736885391.474637000
1736885391.474639000
1736885391.474653000
1736885391.474656000
1736885391.474666000
1736885391.474668000
1736885391.474674000
1736885391.474675000
1736885391.474715000
1736885391.478255000
1736885391.478260000
1736885391.479248000
1736885391.479358000
1736885391.479551000
1736885391.479679000
1736885391.479769000
1736885391.479853000
1736885391.479856000
1736885391.479956000
1736885391.479978000
1736885391.480298000
1736885391.480537000
1736885391.480563000
1736885391.480585000
1736885391.505630000
1736885391.505635000
1736885391.505668000
1736885391.507085000
1736885391.507090000
1736885391.507124000
1736885391.508385000
1736885391.508390000
1736885391.508420000
1736885391.509790000
1736885391.509801000
1736885391.534452000
1736885391.534468000
1736885391.535573000
1736885391.535584000
1736885391.535681000
1736885391.535732000
1736885391.535766000
1736885391.535868000
1736885391.535895000
1736885391.536630000
1736885391.536668000
1736885391.536672000
1736885391.536878000
1736885391.536997000
1736885391.537004000
1736885391.537072000
1736885391.537188000
1736885391.537194000
1736885391.537222000
1736885391.537390000
1736885391.537396000
1736885391.537473000
1736885391.537551000
1736885391.537557000
1736885391.537643000
1736885391.556776000
1736885391.556797000
1736885391.556803000
1736885391.556808000
1736885391.556809000
1736885391.557670000
1736885391.557676000
1736885391.557683000
1736885391.558953000
1736885391.558960000
1736885391.559012000
1736885391.560491000
1736885391.560516000
1736885391.577816000
1736885391.587307000
1736885391.587670000
1736885391.595852000
1736885391.595856000
1736885391.596411000
1736885391.607503000
1736885391.607529000
1736885391.651745000
1736885391.651763000
1736885391.651951000
1736885391.652191000
1736885391.652221000
1736885391.652310000
1736885391.652351000
1736885391.653190000
1736885391.653482000
1736885391.653498000
1736885391.653594000
1736885391.653599000
1736885391.653710000
1736885391.653721000
1736885391.653810000
1736885391.653820000
1736885391.653903000
1736885391.653911000
1736885391.654012000
1736885391.654019000
1736885391.654166000
1736885391.654174000
1736885391.654248000
1736885391.654254000
1736885391.654282000
1736885391.654294000
1736885391.654308000
1736885391.654313000
1736885391.654323000
1736885391.654327000
1736885391.654588000
1736885391.654598000
1736885391.654621000
1736885391.654626000
1736885391.654658000
1736885391.654662000
1736885391.654674000
1736885391.654677000
1736885391.654708000
1736885391.654713000
1736885391.654736000
1736885391.654741000
1736885391.654764000
1736885391.654767000
1736885391.654793000
1736885391.654798000
1736885391.655393000
1736885391.655401000
1736885391.655426000
1736885391.655428000
1736885391.655453000
1736885391.655456000
1736885391.655487000
1736885391.655491000
1736885391.655532000
1736885391.655537000
1736885391.655545000
1736885391.655548000
1736885391.655575000
1736885391.655579000
1736885391.655600000
1736885391.655602000
1736885391.655629000
1736885391.655634000
1736885391.656343000
1736885391.656359000
1736885391.656559000
1736885391.656563000
1736885391.656594000
1736885391.656596000
1736885391.656615000
1736885391.656617000
1736885391.656636000
1736885391.656639000
1736885391.656659000
1736885391.656661000
1736885391.656681000
1736885391.656688000
1736885391.656729000
1736885391.656734000
1736885391.656743000
1736885391.656746000
1736885391.656747000
1736885391.656750000
1736885391.656901000
1736885391.657484000
1736885391.657484000
1736885391.657487000
1736885391.657489000
1736885391.657501000
1736885391.657503000
1736885391.657517000
1736885391.657518000
1736885391.657521000
1736885391.657525000
1736885391.657545000
1736885391.657548000
1736885391.657550000
1736885391.657558000
1736885391.657560000
1736885391.657580000
1736885391.657582000
1736885391.657687000
1736885391.657688000
1736885391.657725000
1736885391.657729000
1736885391.657761000
1736885391.657764000
1736885391.658108000
1736885391.658115000
1736885391.658143000
1736885391.658146000
1736885391.658175000
1736885391.658178000
1736885391.658196000
1736885391.658200000
1736885391.658233000
1736885391.658238000
1736885391.658258000
1736885391.658266000
1736885391.658306000
1736885391.658311000
1736885391.658321000
1736885391.658323000
1736885391.658406000
1736885391.695777000
1736885391.695784000
1736885391.701365000
1736885391.705573000
1736885391.705580000
1736885391.705616000
1736885391.707660000
1736885391.707666000
1736885391.707699000
1736885391.708268000
1736885391.708931000
1736885391.710032000
1736885391.710038000
1736885391.710071000
1736885391.712642000
1736885391.712666000
1736885391.712711000
1736885391.712731000
1736885391.712751000
1736885391.718370000
1736885391.719985000
1736885391.719990000
1736885391.751852000
1736885391.751865000
1736885391.752945000
1736885391.752959000
1736885391.752967000
1736885391.752971000
1736885391.752972000
1736885391.753228000
1736885391.753247000
1736885391.756573000
1736885391.756586000
1736885391.756899000
1736885391.758042000
1736885391.758050000
1736885391.758119000
1736885391.760378000
1736885391.761126000
1736885391.776104000
1736885391.777704000
1736885391.777836000
1736885391.777848000
1736885391.777915000
1736885391.778039000
1736885391.778046000
1736885391.778150000
1736885391.778200000
1736885391.778205000
1736885391.794017000
1736885391.794121000
1736885391.794280000
1736885391.794320000
1736885391.794473000
1736885391.794481000
1736885391.794548000
1736885391.794570000
1736885391.798083000
1736885391.798088000
1736885391.798119000
1736885391.814427000
1736885391.839896000
1736885391.839900000
1736885391.839931000
1736885391.842014000
1736885391.842018000
1736885391.842048000
1736885391.848692000
1736885391.848708000
1736885391.848717000
1736885391.891104000
1736885391.892487000
1736885391.892529000
1736885391.892535000
1736885391.905649000
1736885391.906085000
1736885391.906111000
1736885391.914343000
1736885391.914369000
1736885391.914689000
1736885391.915061000
1736885391.915167000
1736885391.915175000
1736885391.915230000
1736885391.915423000
1736885391.915434000
1736885391.915575000
1736885391.915605000
1736885391.915612000
1736885391.915619000
1736885391.915685000
1736885391.950934000
1736885391.951318000
1736885391.951352000
1736885391.951452000
1736885391.951480000
1736885391.952235000
1736885391.952270000
1736885391.970864000
1736885392.007324000
1736885392.007789000
1736885392.007795000
1736885392.198433000
1736885392.198552000
1736885392.198623000
1736885392.198631000
1736885392.199016000
1736885392.199064000
1736885392.201233000
1736885392.241826000
1736885392.254629000
1736885392.340889000
1736885392.341000000
1736885392.341128000
1736885392.341263000
1736885392.341282000
1736885392.341423000
1736885392.341696000
1736885392.341849000
1736885392.341901000
1736885392.342024000
1736885392.342297000
1736885392.343042000
1736885392.343126000
1736885392.343147000
1736885392.343325000
1736885392.343790000
1736885392.343904000
1736885392.364921000
1736885392.364985000
1736885392.365007000
1736885392.365226000
1736885392.365256000
1736885392.365672000
1736885392.365879000
1736885392.365947000
1736885392.365992000
1736885392.376454000
1736885392.376459000
1736885392.376493000
1736885392.384836000
1736885392.384841000
1736885392.384873000
1736885392.397239000
1736885392.427410000
1736885392.427483000
1736885392.427490000
1736885392.435954000
1736885392.435966000
1736885392.436016000
1736885392.534372000
1736885392.534448000
1736885392.534552000
1736885392.534633000
1736885392.534725000
1736885392.534762000
1736885392.534801000
1736885392.535013000
1736885392.535087000
1736885392.535167000
1736885392.535196000
1736885392.535239000
1736885392.535281000
1736885392.535324000
1736885392.549149000
1736885392.549154000
1736885392.549203000
1736885392.555614000
1736885392.555636000
1736885392.555669000
1736885392.556715000
1736885392.556817000
1736885392.556887000
1736885392.556991000
1736885392.557059000
1736885392.557173000
1736885392.557292000
1736885392.557294000
1736885392.557320000
1736885392.574662000
1736885392.574666000
1736885392.574699000
1736885392.577159000
1736885392.585636000
1736885392.585662000
1736885392.585666000
1736885392.600285000
1736885392.600307000
1736885392.600313000
1736885392.600318000
1736885392.600329000
1736885392.607083000
1736885392.607241000
1736885392.607246000
1736885392.607975000
1736885392.607980000
1736885392.607989000
1736885392.625640000
1736885392.625655000
1736885392.625662000
1736885392.633414000
1736885392.636386000
1736885392.636401000
1736885392.642328000
1736885392.642347000
1736885392.642529000
1736885392.642603000
1736885392.642804000
1736885392.642815000
1736885392.642917000
1736885392.642984000
1736885392.643003000
1736885392.643089000
1736885392.643095000
1736885392.643129000
1736885392.651460000
1736885392.661677000
1736885392.661683000
1736885392.661717000
1736885392.663811000
1736885392.663815000
1736885392.663848000
1736885392.699305000
1736885392.712717000
1736885392.712734000
1736885392.712788000
1736885392.715060000
1736885392.715242000
1736885392.737703000
1736885392.737847000
1736885392.737867000
1736885392.738479000
1736885392.745147000
1736885392.745292000
1736885392.745634000
1736885392.746036000
1736885392.746057000
1736885392.746230000
1736885392.746298000
1736885392.746464000
1736885392.759519000
1736885392.759532000
1736885392.759589000
1736885392.802327000
1736885392.810171000
1736885392.810215000
1736885392.810239000
1736885392.957243000
1736885392.957268000
1736885392.957508000
1736885392.959445000
1736885392.959481000
1736885392.959632000
1736885392.960187000
1736885392.960335000
1736885392.960440000
1736885392.960510000
1736885392.970337000
1736885392.970424000
1736885392.971117000
1736885392.972340000
1736885392.972737000
1736885392.972771000
1736885392.974033000
1736885392.974045000
1736885392.974109000
1736885392.997572000
1736885392.997578000
1736885392.997625000
1736885393.011529000
1736885393.024923000
1736885393.024973000
1736885393.024980000
1736885393.048151000
1736885393.048223000
1736885393.057371000
1736885393.057401000
1736885393.057715000
1736885393.059696000
1736885393.059709000
1736885393.059820000
1736885393.060362000
1736885393.060389000
1736885393.060500000
1736885393.060525000
1736885393.067442000
1736885393.067449000
1736885393.067510000
1736885393.101250000
1736885393.101417000
1736885393.101431000
1736885393.102204000
1736885393.102709000
1736885393.102727000
1736885393.103963000
1736885393.103981000
1736885393.105199000
1736885393.105236000
1736885393.106435000
1736885393.116270000
1736885393.117305000
1736885393.117330000
1736885393.117582000
1736885393.118179000
1736885393.118212000
1736885393.119458000
1736885393.119507000
1736885393.120226000
1736885393.120261000
1736885393.120279000
1736885393.120284000
1736885393.120449000
1736885393.134883000
1736885393.134898000
1736885393.134996000
1736885393.147161000
1736885393.147199000
1736885393.147803000
1736885393.153840000
1736885393.153884000
1736885393.153927000
1736885393.154124000
1736885393.162610000
1736885393.162617000
1736885393.162682000
1736885393.176358000
1736885393.185780000
1736885393.185817000
1736885393.205789000
1736885393.205818000
1736885393.205820000
1736885393.205840000
1736885393.205936000
1736885393.205955000
1736885393.206090000
1736885393.206331000
1736885393.206354000
1736885393.206390000
1736885393.213218000
1736885393.213253000
1736885393.213258000
1736885393.219196000
1736885393.219207000
1736885393.219261000
1736885393.262296000
1736885393.270342000
1736885393.270394000
1736885393.275931000
1736885393.275967000
1736885393.276616000
1736885393.277599000
1736885393.277627000
1736885393.277775000
1736885393.278271000
1736885393.278492000
1736885393.278633000
1736885393.278713000
1736885393.336262000
1736885393.362786000
1736885393.362832000
1736885393.362910000
1736885393.363017000
1736885393.363189000
1736885393.363326000
1736885393.363700000
1736885393.363774000
1736885393.363964000
1736885393.363995000
1736885393.364123000
1736885393.364320000
1736885393.364778000
1736885393.366618000
1736885393.366662000
1736885393.366753000
1736885393.367427000
1736885393.367528000
1736885393.367685000
1736885393.367735000
1736885393.367749000
1736885393.369310000
1736885393.369584000
1736885393.377176000
1736885393.377283000
1736885393.378018000
1736885393.378412000
1736885393.378520000
1736885393.378668000
1736885393.379103000
1736885393.379558000
1736885393.379622000
1736885393.379797000
1736885393.380078000
1736885393.416487000
1736885393.416495000
1736885393.416563000
1736885393.418017000
1736885393.464882000
1736885393.464928000
1736885393.465540000
1736885393.467667000
1736885393.467695000
1736885393.467700000
1736885393.467709000
1736885393.467723000
1736885393.467739000
1736885393.468146000
1736885393.468212000
1736885393.472263000
1736885393.473991000
1736885393.474029000
1736885393.474324000
1736885393.523443000
1736885393.541540000
1736885393.541655000
1736885393.541941000
1736885393.545002000
1736885393.585879000
1736885393.625318000
1736885393.625352000
1736885393.625368000
1736885393.627023000
1736885393.627115000
1736885393.627346000
1736885393.627429000
1736885393.627474000
1736885393.627535000
1736885393.627571000
1736885393.648328000
1736885393.648346000
1736885393.648511000
1736885393.684343000
1736885393.759500000
1736885393.815372000
1736885393.815414000
1736885393.841814000
1736885393.897398000
1736885393.897424000
1736885393.898115000
1736885393.954580000
1736885394.010786000
1736885394.010842000
1736885394.010858000
1736885394.010873000
1736885394.010902000
1736885394.010913000
1736885394.010920000
1736885394.010930000
1736885394.019834000
1736885394.021131000
1736885394.021195000
1736885394.021200000
1736885394.075238000
1736885394.075535000
1736885394.076214000
1736885394.076880000
1736885394.077052000
1736885394.077067000
1736885394.117869000
1736885394.136637000
1736885394.181351000
1736885394.181405000
1736885394.181419000
1736885394.181427000
1736885394.181449000
1736885394.181457000
1736885394.182736000
1736885394.182775000
1736885394.185519000
1736885394.185568000
1736885394.185601000
1736885394.185617000
1736885394.188374000
1736885394.188420000
1736885394.188448000
1736885394.188464000
1736885394.191639000
1736885394.191681000
1736885394.191712000
1736885394.191723000
1736885394.193921000
1736885394.194105000
1736885394.194128000
1736885394.196588000
1736885394.196934000
1736885394.196985000
1736885394.206791000
1736885394.252847000
1736885394.262888000
1736885394.262926000
1736885394.263647000
1736885394.320222000
1736885394.378986000
1736885394.379028000
1736885394.379040000
1736885394.379048000
1736885394.384565000
1736885394.385041000
1736885394.440336000
1736885394.440379000
1736885394.440851000
1736885394.440885000
1736885394.442171000
1736885394.503620000
1736885400.446381000
1736885400.446386000
1736885400.446409000
1736885400.446410000
1736885400.446447000
1736885400.446450000
1736885400.446478000
1736885400.446480000
1736885400.446508000
1736885400.446510000
1736885400.497317000
1736885400.497349000
1736885400.497358000
1736885400.498222000
1736885400.498257000
1736885400.498261000
1736885400.498265000
1736885400.498279000
1736885400.498501000
1736885400.571561000
1736885400.571596000
1736885400.572220000
1736885400.572865000
1736885400.573019000
1736885400.573212000
1736885400.573264000
1736885400.624369000
1736885403.330541000
1736885403.383076000
1736885403.383108000
1736885403.383565000
1736885403.383568000
1736885403.435740000
1736885403.436312000
1736885403.436337000
1736885403.436576000
1736885403.495142000
1736885403.495180000
1736885403.495336000
1736885403.520027000
1736885403.520141000
1736885403.522473000
1736885403.525622000
1736885403.525828000
1736885403.525959000
1736885403.579326000
1736885403.579778000
1736885403.580352000
1736885403.580374000
1736885403.580480000
1736885403.580607000
1736885403.584083000
1736885403.584110000
1736885403.584114000
1736885403.584243000
1736885403.588182000
1736885403.588210000
1736885403.588301000
1736885403.592450000
1736885403.592589000
1736885403.632339000
1736885403.632363000
1736885403.632367000
1736885403.632480000
1736885403.636336000
1736885403.636363000
1736885403.636378000
1736885403.636490000
1736885403.637731000
1736885403.637904000
1736885403.640413000
1736885403.640580000
1736885403.642665000
1736885403.642831000
1736885403.645017000
1736885403.645201000
1736885403.646946000
1736885403.647129000
1736885403.648977000
1736885403.649159000
1736885411.178978000
1736885411.179014000
1736885417.878119000
1736885417.878168000
1736885417.878182000
1736885417.878189000
1736885417.878194000
1736885417.878444000
1736885417.878675000
1736885417.878706000
1736885417.931488000
1736885417.932110000
1736885417.932133000
1736885417.997771000
1736885417.997815000
1736885417.997828000
1736885417.997835000
1736885417.997840000
1736885417.998085000
1736885417.998283000
1736885417.998316000
1736885418.050902000
1736885418.051646000
1736885418.051670000
1736885420.558326000
1736885420.558345000
1736885420.609215000
1736885420.609247000
1736885420.677820000
1736885420.678006000
1736885420.678039000
1736885420.680131000
1736885420.680372000
1736885420.680431000
1736885420.680450000
1736885420.731571000
1736885421.941317000
1736885421.941329000
1736885421.941419000
1736885421.992627000
1736885421.992667000
1736885421.992673000
1736885422.062555000
1736885422.062694000
1736885422.063197000
1736885422.063836000
1736885422.064047000
1736885422.064129000
1736885422.064181000
1736885422.125236000
1736885424.367523000
1736885424.367542000
1736885424.419196000
1736885424.419231000
1736885424.484452000
1736885424.484498000
1736885424.485084000
1736885424.485343000
1736885424.485445000
1736885424.485705000
1736885424.485760000
1736885424.537071000
1736885430.465903000
1736885430.647327000
1736885432.131989000
1736885432.132036000
1736885433.185255000
1736885433.185260000
1736885433.185293000
1736885433.236539000
1736885433.236554000
1736885433.236564000
1736885433.283770000
1736885433.283775000
1736885433.339704000
1736885433.339761000
1736885433.342428000
1736885433.342678000
1736885433.342700000
1736885433.342725000
1736885433.342782000
1736885433.342790000
1736885433.342859000
1736885433.342979000
1736885433.342990000
1736885433.343070000
1736885433.343154000
1736885433.343163000
1736885433.343241000
1736885433.343274000
1736885433.343282000
1736885433.343303000
1736885433.343318000
1736885433.343324000
1736885433.343358000
1736885433.343907000
1736885433.343930000
1736885433.343954000
1736885433.343974000
1736885433.343981000
1736885433.343996000
1736885433.344016000
1736885433.344022000
1736885433.344037000
1736885433.344059000
1736885433.344065000
1736885433.344080000
1736885433.344668000
1736885433.344687000
1736885433.344705000
1736885433.344712000
1736885433.344742000
1736885433.344765000
1736885433.344775000
1736885433.344793000
1736885433.344799000
1736885433.344979000
1736885433.403240000
1736885433.403245000
1736885433.403280000
1736885433.405595000
1736885433.405600000
1736885433.405635000
1736885433.406206000
1736885433.407998000
1736885433.408003000
1736885433.408038000
1736885433.438572000
1736885433.438697000
1736885433.439048000
1736885433.439990000
1736885433.440072000
1736885433.440232000
1736885433.440280000
1736885433.454157000
1736885433.454186000
1736885433.454199000
1736885433.456439000
1736885433.456487000
1736885433.456511000
1736885433.458660000
1736885433.458728000
1736885433.458748000
1736885433.491339000
1736885433.681643000
1736885433.681682000
1736885433.682041000
1736885433.683886000
1736885433.684175000
1736885433.684193000
1736885433.684299000
1736885433.684351000
1736885433.684451000
1736885433.687142000
1736885433.687220000
1736885433.687462000
1736885433.689860000
1736885433.689876000
1736885433.689975000
1736885433.690028000
1736885433.717394000
1736885433.717501000
1736885433.717632000
1736885433.719458000
1736885433.720197000
1736885433.720226000
1736885433.720327000
1736885433.735418000
1736885438.761937000
1736885438.762158000
1736885438.762174000
1736885438.818048000
1736885438.818538000
1736885438.818570000
1736885438.818680000
1736885438.818715000
1736885438.818733000
1736885438.818742000
1736885439.762464000
1736885439.762937000
1736885439.762970000
1736885439.783240000
1736885439.783289000
1736885439.783296000
1736885439.783331000
1736885439.783359000
1736885439.783405000
1736885439.783416000
1736885440.823554000
1736885440.824461000
1736885440.824494000
1736885440.879271000
1736885440.880116000
1736885440.880151000
1736885440.880191000
1736885440.880210000
1736885440.880221000
1736885440.880226000
1736885440.880232000
1736885443.279582000
1736885443.279638000
1736885443.279655000
1736885443.279739000
1736885443.330971000
1736885443.330996000
1736885443.331000000
1736885443.331003000
1736885443.404376000
1736885443.404817000
1736885443.405220000
1736885443.405718000
1736885443.405835000
1736885443.405981000
1736885443.405999000
1736885443.457092000
1736885447.003191000
1736885447.003243000
1736885447.003283000
1736885447.003318000
1736885447.054388000
1736885447.054424000
1736885447.054429000
1736885447.054596000
1736885447.059235000
1736885447.059266000
1736885447.059294000
1736885447.064047000
1736885447.064078000
1736885447.097899000
1736885447.097918000
1736885447.105927000
1736885448.003730000
1736885448.174915000
1736885448.218015000
1736885448.673901000
1736885448.725047000
1736885449.004244000
1736885449.004298000
1736885449.004334000
1736885449.004374000
1736885449.004414000
1736885449.004446000
1736885449.054994000
1736885449.055028000
1736885449.059633000
1736885449.059671000
1736885449.059699000
1736885449.059717000
1736885449.060916000
1736885449.060946000
1736885449.060972000
1736885449.065687000
1736885449.065721000
1736885449.097904000
1736885449.101837000
1736885449.101856000
1736885449.106018000
1736885449.112099000
1736885449.112158000
1736885449.153899000
1736885450.009320000
1736885450.065212000
1736885450.065251000
1736885450.105900000
1736885450.564238000
1736885450.564241000
1736885450.564272000
1736885450.615583000
1736885450.615620000
1736885450.615625000
1736885450.686624000
1736885450.686673000
1736885450.687264000
1736885450.687814000
1736885450.687974000
1736885450.688196000
1736885450.688248000
1736885450.739025000
1736885452.086996000
1736885452.087048000
1736885452.087062000
1736885452.087069000
1736885452.087113000
1736885452.087121000
1736885452.087494000
1736885452.101708000
1736885452.142901000
1736885452.162376000
1736885452.350710000
1736885452.350759000
1736885452.350773000
1736885452.350781000
1736885452.350785000
1736885452.350790000
1736885452.351421000
1736885452.353382000
1736885452.353391000
1736885452.407060000
1736885452.409097000
1736885452.409138000
1736885452.604939000
1736885452.604973000
1736885452.605471000
1736885453.108055000
1736885453.108146000
1736885453.164106000
1736885453.164137000
1736885453.164151000
1736885453.164157000
1736885453.209875000
1736885453.209895000
1736885453.441493000
1736885453.441503000
1736885453.441560000
1736885453.492496000
1736885453.492540000
1736885453.492548000
1736885453.645954000
1736885453.645999000
1736885453.646564000
1736885453.647632000
1736885453.648196000
1736885453.648253000
1736885453.648493000
1736885453.648545000
1736885453.699510000
1736885467.367683000
1736885467.367975000
1736885467.429899000
1736885472.410189000
1736885472.453900000
1736885477.057900000
1736885477.239450000
1736885492.109179000
1736885492.165643000
1736885492.165678000
1736885492.205896000
1736885492.521532000
1736885492.521569000
1736885493.511905000
1736885493.511956000
1736885493.582840000
1736885493.582897000
1736885493.582905000
1736885493.583074000
1736885493.583536000
1736885493.634715000
1736885505.109943000
1736885505.109994000
1736885505.110035000
1736885505.110068000
1736885505.160870000
1736885505.160911000
1736885505.160929000
1736885505.160939000
1736885505.165868000
1736885505.165907000
1736885505.170582000
1736885505.170624000
1736885507.111159000
1736885507.111227000
1736885507.111260000
1736885507.111294000
1736885507.111333000
1736885507.111373000
1736885507.162305000
1736885507.162349000
1736885507.167254000
1736885507.167299000
1736885507.167421000
1736885507.167452000
1736885507.167478000
1736885507.167489000
1736885507.172033000
1736885507.172077000
1736885507.286671000
1736885507.286715000
1736885507.477162000
1736885508.111827000
1736885508.219660000
1736885508.219703000
1736885509.112340000
1736885509.163556000
1736885509.164781000
1736885509.206014000
1736885509.266185000
1736885509.266244000
1736885509.266258000
1736885509.266266000
1736885509.266270000
1736885509.266441000
1736885509.266929000
1736885509.266969000
1736885509.437458000
1736885509.437918000
1736885511.113124000
1736885511.168908000
1736885511.168947000
1736885511.209900000
1736885512.113562000
1736885512.113635000
1736885512.113683000
1736885512.164372000
1736885512.164412000
1736885512.169248000
1736885512.169296000
1736885512.169334000
1736885512.169347000
1736885512.205914000
1736885513.591173000
1736885513.591231000
1736885513.591246000
1736885513.591254000
1736885513.591258000
1736885513.591264000
1736885513.591697000
1736885513.622621000
1736885513.647435000
1736885513.684404000
1736885513.878223000
1736885513.878272000
1736885513.878286000
1736885513.878294000
1736885513.878298000
1736885513.878303000
1736885513.879076000
1736885513.881106000
1736885513.934811000
1736885513.937353000
1736885514.127103000
1736885514.127142000
1736885514.127612000
1736885514.281248000
1736885514.343507000
1736885514.343571000
1736885514.374886000
1736885514.437882000
1736885514.488058000
1736885514.488111000
1736885514.488622000
1736885514.488835000
1736885514.493318000
1736885514.493387000
1736885514.493430000
1736885514.493603000
1736885514.493682000
1736885514.493688000
1736885514.493772000
1736885514.550263000
1736885514.551535000
1736885514.551566000
1736885514.551894000
1736885514.555087000
1736885514.555119000
1736885514.555617000
1736885514.555909000
1736885514.559736000
1736885514.597843000
1736885514.614018000
1736885514.728494000
1736885514.728540000
1736885514.729006000
1736885514.791119000
1736885533.697512000
1736885533.737850000
1736885552.134010000
1736885552.189784000
1736885552.189834000
1736885553.999174000
1736885553.999225000
1736885560.973867000
1736885560.973945000
1736885560.973993000
1736885560.974044000
1736885560.974091000
1736885560.974150000
1736885560.974199000
1736885560.974247000
1736885560.974299000
1736885560.974347000
1736885560.974952000
1736885560.974983000
1736885560.975335000
1736885560.975367000
1736885560.975626000
1736885560.975649000
1736885560.976216000
1736885560.976236000
1736885560.976536000
1736885560.976557000
1736885560.976812000
1736885560.976832000
1736885560.977026000
1736885560.977046000
1736885560.977611000
1736885560.977634000
1736885560.977898000
1736885560.977920000
1736885560.978098000
1736885560.978117000
1736885561.026725000
1736885561.026836000
1736885561.026864000
1736885561.028561000
1736885561.028612000
1736885561.028622000
1736885561.028640000
1736885561.028648000
1736885561.028661000
1736885561.028666000
1736885561.028681000
1736885561.030981000
1736885561.031104000
1736885561.031109000
1736885561.031119000
1736885561.032542000
1736885561.032640000
1736885561.032649000
1736885561.032660000
1736885561.032922000
1736885561.033200000
1736885561.033215000
1736885561.033703000
1736885561.033731000
1736885561.033735000
1736885561.033861000
1736885561.036565000
1736885561.036574000
1736885561.036582000
1736885561.036593000
1736885561.038996000
1736885561.039090000
1736885561.039100000
1736885561.085018000
1736885561.085039000
1736885561.085420000
1736885561.085432000
1736885565.135236000
1736885565.135377000
1736885565.135691000
1736885565.135731000
1736885565.136109000
1736885565.136143000
1736885565.191571000
1736885565.191609000
1736885565.191637000
1736885565.191665000
1736885565.191696000
1736885565.191751000
1736885565.191763000
1736885568.134929000
1736885568.154282000
1736885568.185779000
1736885568.185818000
1736885568.294360000
1736885568.294435000
1736885568.295903000
1736885568.295913000
1736885568.436334000
1736885568.440720000
1736885568.440780000
1736885568.443786000
1736885568.600148000
1736885568.600334000
1736885568.609361000
1736885568.609759000
1736885568.610209000
1736885568.610332000
1736885568.610339000
1736885568.610383000
1736885568.748929000
1736885568.749632000
1736885568.749678000
1736885568.749700000
1736885568.749722000
1736885568.778208000
1736885568.821853000
1736885568.846073000
1736885568.846115000
1736885568.846311000
1736885568.960663000
1736885569.001843000
1736885569.032417000
